C:\Users\Clandininlab\Desktop\2pstim_wNI_LB\Debug\Data\fullfieldcontrast_0.025sDark-Light-1.5sGrayMichelson.txt 
       1    0.024  0 0.0000 0.0000 0.000 0
       2    0.028  1 0.0000 0.0000 0.000 0
       3    0.030  1 0.0000 0.0000 0.000 0
       4    0.032  1 0.0000 0.0000 0.000 0
       5    0.036  1 0.0000 0.0000 0.000 0
       6    0.043  1 0.0000 0.0000 0.000 0
       7    0.052  1 0.0000 0.0000 0.000 0
       8    0.061  1 0.0000 0.0000 0.000 0
       9    0.069  1 0.0000 0.0000 0.000 0
      10    0.077  1 0.0000 0.0000 0.000 0
      11    0.086  1 0.0000 0.0000 0.000 0
      12    0.093  1 0.0000 0.0000 0.000 0
      13    0.102  1 0.0000 0.0000 0.000 0
      14    0.110  1 0.0000 0.0000 0.000 0
      15    0.119  1 0.0000 0.0000 0.000 0
      16    0.128  1 0.0000 0.0000 0.000 0
      17    0.135  1 0.0000 0.0000 0.000 0
      18    0.143  1 0.0000 0.0000 0.000 0
      19    0.152  1 0.0000 0.0000 0.000 0
      20    0.160  1 0.0000 0.0000 0.000 0
      21    0.168  1 0.0000 0.0000 0.000 0
      22    0.177  1 0.0000 0.0000 0.000 0
      23    0.185  1 0.0000 0.0000 0.000 0
      24    0.194  1 0.0000 0.0000 0.000 0
      25    0.202  1 0.0000 0.0000 0.000 0
      26    0.210  1 0.0000 0.0000 0.000 0
      27    0.218  1 0.0000 0.0000 0.000 0
      28    0.227  1 0.0000 0.0000 0.000 0
      29    0.235  1 0.0000 0.0000 0.000 0
      30    0.243  1 0.0000 0.0000 0.000 0
      31    0.252  1 0.0000 0.0000 0.000 0
      32    0.260  1 0.0000 0.0000 0.000 0
      33    0.268  1 0.0000 0.0000 0.000 0
      34    0.277  1 0.0000 0.0000 0.000 0
      35    0.285  1 0.0000 0.0000 0.000 0
      36    0.293  1 0.0000 0.0000 0.000 0
      37    0.302  1 0.0000 0.0000 0.000 0
      38    0.310  1 0.0000 0.0000 0.000 0
      39    0.318  1 0.0000 0.0000 0.000 0
      40    0.327  1 0.0000 0.0000 0.000 0
      41    0.335  1 0.0000 0.0000 0.000 0
      42    0.343  1 0.0000 0.0000 0.000 0
      43    0.352  1 0.0000 0.0000 0.000 0
      44    0.360  1 0.0000 0.0000 0.000 0
      45    0.368  1 0.0000 0.0000 0.000 0
      46    0.377  1 0.0000 0.0000 0.000 0
      47    0.385  1 0.0000 0.0000 0.000 0
      48    0.393  1 0.0000 0.0000 0.000 0
      49    0.402  1 0.0000 0.0000 0.000 0
      50    0.410  1 0.0000 0.0000 0.000 0
      51    0.418  1 0.0000 0.0000 0.000 0
      52    0.427  1 0.0000 0.0000 0.000 0
      53    0.435  1 0.0000 0.0000 0.000 0
      54    0.444  1 0.0000 0.0000 0.000 0
      55    0.452  1 0.0000 0.0000 0.000 0
      56    0.460  1 0.0000 0.0000 0.000 0
      57    0.468  1 0.0000 0.0000 0.000 0
      58    0.477  1 0.0000 0.0000 0.000 0
      59    0.485  1 0.0000 0.0000 0.000 0
      60    0.493  1 0.0000 0.0000 0.000 0
      61    0.502  1 0.0000 0.0000 0.000 0
      62    0.510  1 0.0000 0.0000 0.000 0
      63    0.518  1 0.0000 0.0000 0.000 0
      64    0.527  1 0.0000 0.0000 0.000 0
      65    0.535  1 0.0000 0.0000 0.000 0
      66    0.543  1 0.0000 0.0000 0.000 0
      67    0.552  1 0.0000 0.0000 0.000 0
      68    0.560  1 0.0000 0.0000 0.000 0
      69    0.568  1 0.0000 0.0000 0.000 0
      70    0.577  1 0.0000 0.0000 0.000 0
      71    0.585  1 0.0000 0.0000 0.000 0
      72    0.593  1 0.0000 0.0000 0.000 0
      73    0.602  1 0.0000 0.0000 0.000 0
      74    0.610  1 0.0000 0.0000 0.000 0
      75    0.618  1 0.0000 0.0000 0.000 0
      76    0.627  1 0.0000 0.0000 0.000 0
      77    0.635  1 0.0000 0.0000 0.000 0
      78    0.643  1 0.0000 0.0000 0.000 0
      79    0.652  1 0.0000 0.0000 0.000 0
      80    0.660  1 0.0000 0.0000 0.000 0
      81    0.668  1 0.0000 0.0000 0.000 0
      82    0.677  1 0.0000 0.0000 0.000 0
      83    0.685  1 0.0000 0.0000 0.000 0
      84    0.693  1 0.0000 0.0000 0.000 0
      85    0.702  1 0.0000 0.0000 0.000 0
      86    0.710  1 0.0000 0.0000 0.000 0
      87    0.718  1 0.0000 0.0000 0.000 0
      88    0.727  1 0.0000 0.0000 0.000 0
      89    0.735  1 0.0000 0.0000 0.000 0
      90    0.743  1 0.0000 0.0000 0.000 0
      91    0.752  1 0.0000 0.0000 0.000 0
      92    0.760  1 0.0000 0.0000 0.000 0
      93    0.768  1 0.0000 0.0000 0.000 0
      94    0.777  1 0.0000 0.0000 0.000 0
      95    0.785  1 0.0000 0.0000 0.000 0
      96    0.793  1 0.0000 0.0000 0.000 0
      97    0.802  1 0.0000 0.0000 0.000 0
      98    0.810  1 0.0000 0.0000 0.000 0
      99    0.818  1 0.0000 0.0000 0.000 0
     100    0.827  1 0.0000 0.0000 0.000 0
     101    0.835  1 0.0000 0.0000 0.000 0
     102    0.843  1 0.0000 0.0000 0.000 0
     103    0.852  1 0.0000 0.0000 0.000 0
     104    0.860  1 0.0000 0.0000 0.000 0
     105    0.868  1 0.0000 0.0000 0.000 0
     106    0.877  1 0.0000 0.0000 0.000 0
     107    0.885  1 0.0000 0.0000 0.000 0
     108    0.893  1 0.0000 0.0000 0.000 0
     109    0.902  1 0.0000 0.0000 0.000 0
     110    0.910  1 0.0000 0.0000 0.000 0
     111    0.918  1 0.0000 0.0000 0.000 0
     112    0.927  1 0.0000 0.0000 0.000 0
     113    0.935  1 0.0000 0.0000 0.000 0
     114    0.944  1 0.0000 0.0000 0.000 0
     115    0.952  1 0.0000 0.0000 0.000 0
     116    0.960  1 0.0000 0.0000 0.000 0
     117    0.968  1 0.0000 0.0000 0.000 0
     118    0.977  1 0.0000 0.0000 0.000 0
     119    0.985  1 0.0000 0.0000 0.000 0
     120    0.993  1 0.0000 0.0000 0.000 0
     121    1.002  1 0.0000 0.0000 0.000 0
     122    1.010  1 0.0000 0.0000 0.000 0
     123    1.018  1 0.0000 0.0000 0.000 0
     124    1.027  1 0.0000 0.0000 0.000 0
     125    1.035  1 0.0000 0.0000 0.000 0
     126    1.043  1 0.0000 0.0000 0.000 0
     127    1.052  1 0.0000 0.0000 0.000 0
     128    1.060  1 0.0000 0.0000 0.000 0
     129    1.068  1 0.0000 0.0000 0.000 0
     130    1.077  1 0.0000 0.0000 0.000 0
     131    1.085  1 0.0000 0.0000 0.000 0
     132    1.093  1 0.0000 0.0000 0.000 0
     133    1.102  1 0.0000 0.0000 0.000 0
     134    1.110  1 0.0000 0.0000 0.000 0
     135    1.118  1 0.0000 0.0000 0.000 0
     136    1.127  1 0.0000 0.0000 0.000 0
     137    1.135  1 0.0000 0.0000 0.000 0
     138    1.143  1 0.0000 0.0000 0.000 0
     139    1.152  1 0.0000 0.0000 0.000 0
     140    1.160  1 0.0000 0.0000 0.000 0
     141    1.168  1 0.0000 0.0000 0.000 0
     142    1.177  1 0.0000 0.0000 0.000 0
     143    1.185  1 0.0000 0.0000 0.000 0
     144    1.193  1 0.0000 0.0000 0.000 0
     145    1.202  1 0.0000 0.0000 0.000 0
     146    1.210  1 0.0000 0.0000 0.000 0
     147    1.218  1 0.0000 0.0000 0.000 0
     148    1.227  1 0.0000 0.0000 0.000 0
     149    1.235  1 0.0000 0.0000 0.000 0
     150    1.243  1 0.0000 0.0000 0.000 0
     151    1.252  1 0.0000 0.0000 0.000 0
     152    1.260  1 0.0000 0.0000 0.000 0
     153    1.268  1 0.0000 0.0000 0.000 0
     154    1.277  1 0.0000 0.0000 0.000 0
     155    1.285  1 0.0000 0.0000 0.000 0
     156    1.293  1 0.0000 0.0000 0.000 0
     157    1.302  1 0.0000 0.0000 0.000 0
     158    1.310  1 0.0000 0.0000 0.000 0
     159    1.318  1 0.0000 0.0000 0.000 0
     160    1.327  1 0.0000 0.0000 0.000 0
     161    1.335  1 0.0000 0.0000 0.000 0
     162    1.343  1 0.0000 0.0000 0.000 0
     163    1.352  1 0.0000 0.0000 0.000 0
     164    1.360  1 0.0000 0.0000 0.000 0
     165    1.368  1 0.0000 0.0000 0.000 0
     166    1.377  1 0.0000 0.0000 0.000 0
     167    1.385  1 0.0000 0.0000 0.000 0
     168    1.393  1 0.0000 0.0000 0.000 0
     169    1.402  1 0.0000 0.0000 0.000 0
     170    1.410  1 0.0000 0.0000 0.000 0
     171    1.418  1 0.0000 0.0000 0.000 0
     172    1.427  1 0.0000 0.0000 0.000 0
     173    1.435  1 0.0000 0.0000 0.000 0
     174    1.443  1 0.0000 0.0000 0.000 0
     175    1.452  1 0.0000 0.0000 0.000 0
     176    1.460  1 0.0000 0.0000 0.000 0
     177    1.468  1 0.0000 0.0000 0.000 0
     178    1.477  1 0.0000 0.0000 0.000 0
     179    1.485  1 0.0000 0.0000 0.000 0
     180    1.493  1 0.0000 0.0000 0.000 0
     181    1.502  1 0.0000 0.0000 0.000 0
     182    1.510  1 0.0000 0.0000 0.000 0
     183    1.518  1 0.0000 0.0000 0.000 0
     184    1.527  1 0.0000 0.0000 0.000 0
     185    1.535  2 0.0000 0.0000 0.000 0
     186    1.543  2 0.0000 0.0000 0.000 0
     187    1.552  2 0.0000 0.0000 0.000 0
     188    1.560  2 0.0000 0.0000 0.000 0
     189    1.569  3 0.0000 0.0000 0.000 0
     190    1.577  3 0.0000 0.0000 0.000 0
     191    1.585  3 0.0000 0.0000 0.000 0
     192    1.593  3 0.0000 0.0000 0.000 0
     193    1.602  3 0.0000 0.0000 0.000 0
     194    1.610  3 0.0000 0.0000 0.000 0
     195    1.618  3 0.0000 0.0000 0.000 0
     196    1.627  3 0.0000 0.0000 0.000 0
     197    1.635  3 0.0000 0.0000 0.000 0
     198    1.643  3 0.0000 0.0000 0.000 0
     199    1.652  3 0.0000 0.0000 0.000 0
     200    1.660  3 0.0000 0.0000 0.000 0
     201    1.668  3 0.0000 0.0000 0.000 0
     202    1.677  3 0.0000 0.0000 0.000 0
     203    1.685  3 0.0000 0.0000 0.000 0
     204    1.693  3 0.0000 0.0000 0.000 0
     205    1.702  3 0.0000 0.0000 0.000 0
     206    1.710  3 0.0000 0.0000 0.000 0
     207    1.718  3 0.0000 0.0000 0.000 0
     208    1.727  3 0.0000 0.0000 0.000 0
     209    1.735  3 0.0000 0.0000 0.000 0
     210    1.743  3 0.0000 0.0000 0.000 0
     211    1.752  3 0.0000 0.0000 0.000 0
     212    1.760  3 0.0000 0.0000 0.000 0
     213    1.768  3 0.0000 0.0000 0.000 0
     214    1.777  3 0.0000 0.0000 0.000 0
     215    1.785  3 0.0000 0.0000 0.000 0
     216    1.793  3 0.0000 0.0000 0.000 0
     217    1.802  3 0.0000 0.0000 0.000 0
     218    1.810  3 0.0000 0.0000 0.000 0
     219    1.818  3 0.0000 0.0000 0.000 0
     220    1.827  3 0.0000 0.0000 0.000 0
     221    1.835  3 0.0000 0.0000 0.000 0
     222    1.843  3 0.0000 0.0000 0.000 0
     223    1.852  3 0.0000 0.0000 0.000 0
     224    1.860  3 0.0000 0.0000 0.000 0
     225    1.868  3 0.0000 0.0000 0.000 0
     226    1.877  3 0.0000 0.0000 0.000 0
     227    1.885  3 0.0000 0.0000 0.000 0
     228    1.893  3 0.0000 0.0000 0.000 0
     229    1.902  3 0.0000 0.0000 0.000 0
     230    1.910  3 0.0000 0.0000 0.000 0
     231    1.918  3 0.0000 0.0000 0.000 0
     232    1.927  3 0.0000 0.0000 0.000 0
     233    1.935  3 0.0000 0.0000 0.000 0
     234    1.944  3 0.0000 0.0000 0.000 0
     235    1.952  3 0.0000 0.0000 0.000 0
     236    1.960  3 0.0000 0.0000 0.000 0
     237    1.968  3 0.0000 0.0000 0.000 0
     238    1.977  3 0.0000 0.0000 0.000 0
     239    1.985  3 0.0000 0.0000 0.000 0
     240    1.993  3 0.0000 0.0000 0.000 0
     241    2.002  3 0.0000 0.0000 0.000 0
     242    2.010  3 0.0000 0.0000 0.000 0
     243    2.018  3 0.0000 0.0000 0.000 0
     244    2.027  3 0.0000 0.0000 0.000 0
     245    2.035  3 0.0000 0.0000 0.000 0
     246    2.043  3 0.0000 0.0000 0.000 0
     247    2.052  3 0.0000 0.0000 0.000 0
     248    2.060  3 0.0000 0.0000 0.000 0
     249    2.068  3 0.0000 0.0000 0.000 0
     250    2.077  3 0.0000 0.0000 0.000 0
     251    2.085  3 0.0000 0.0000 0.000 0
     252    2.093  3 0.0000 0.0000 0.000 0
     253    2.102  3 0.0000 0.0000 0.000 0
     254    2.110  3 0.0000 0.0000 0.000 0
     255    2.118  3 0.0000 0.0000 0.000 0
     256    2.127  3 0.0000 0.0000 0.000 0
     257    2.135  3 0.0000 0.0000 0.000 0
     258    2.143  3 0.0000 0.0000 0.000 0
     259    2.152  3 0.0000 0.0000 0.000 0
     260    2.160  3 0.0000 0.0000 0.000 0
     261    2.168  3 0.0000 0.0000 0.000 0
     262    2.177  3 0.0000 0.0000 0.000 0
     263    2.185  3 0.0000 0.0000 0.000 0
     264    2.193  3 0.0000 0.0000 0.000 0
     265    2.202  3 0.0000 0.0000 0.000 0
     266    2.210  3 0.0000 0.0000 0.000 0
     267    2.218  3 0.0000 0.0000 0.000 0
     268    2.227  3 0.0000 0.0000 0.000 0
     269    2.235  3 0.0000 0.0000 0.000 0
     270    2.243  3 0.0000 0.0000 0.000 0
     271    2.252  3 0.0000 0.0000 0.000 0
     272    2.261  3 0.0000 0.0000 0.000 0
     273    2.269  3 0.0000 0.0000 0.000 0
     274    2.277  3 0.0000 0.0000 0.000 0
     275    2.285  3 0.0000 0.0000 0.000 0
     276    2.294  3 0.0000 0.0000 0.000 0
     277    2.302  3 0.0000 0.0000 0.000 0
     278    2.310  3 0.0000 0.0000 0.000 0
     279    2.319  3 0.0000 0.0000 0.000 0
     280    2.327  3 0.0000 0.0000 0.000 0
     281    2.335  3 0.0000 0.0000 0.000 0
     282    2.344  3 0.0000 0.0000 0.000 0
     283    2.352  3 0.0000 0.0000 0.000 0
     284    2.360  3 0.0000 0.0000 0.000 0
     285    2.369  3 0.0000 0.0000 0.000 0
     286    2.377  3 0.0000 0.0000 0.000 0
     287    2.385  3 0.0000 0.0000 0.000 0
     288    2.394  3 0.0000 0.0000 0.000 0
     289    2.402  3 0.0000 0.0000 0.000 0
     290    2.410  3 0.0000 0.0000 0.000 0
     291    2.419  3 0.0000 0.0000 0.000 0
     292    2.427  3 0.0000 0.0000 0.000 0
     293    2.435  3 0.0000 0.0000 0.000 0
     294    2.444  3 0.0000 0.0000 0.000 0
     295    2.452  3 0.0000 0.0000 0.000 0
     296    2.460  3 0.0000 0.0000 0.000 0
     297    2.469  3 0.0000 0.0000 0.000 0
     298    2.477  3 0.0000 0.0000 0.000 0
     299    2.485  3 0.0000 0.0000 0.000 0
     300    2.494  3 0.0000 0.0000 0.000 0
     301    2.502  3 0.0000 0.0000 0.000 0
     302    2.510  3 0.0000 0.0000 0.000 0
     303    2.519  3 0.0000 0.0000 0.000 0
     304    2.527  3 0.0000 0.0000 0.000 0
     305    2.535  3 0.0000 0.0000 0.000 0
     306    2.544  3 0.0000 0.0000 0.000 0
     307    2.552  3 0.0000 0.0000 0.000 0
     308    2.560  3 0.0000 0.0000 0.000 0
     309    2.569  3 0.0000 0.0000 0.000 0
     310    2.577  3 0.0000 0.0000 0.000 0
     311    2.585  3 0.0000 0.0000 0.000 0
     312    2.594  3 0.0000 0.0000 0.000 0
     313    2.602  3 0.0000 0.0000 0.000 0
     314    2.610  3 0.0000 0.0000 0.000 0
     315    2.619  3 0.0000 0.0000 0.000 0
     316    2.627  3 0.0000 0.0000 0.000 0
     317    2.635  3 0.0000 0.0000 0.000 0
