C:\Users\Clandininlab\Desktop\2pstim_wNI_LB\Debug\Data\fullfieldcontrast_testing.txt 
       1    0.028  0 0.0000 0.0000 0.000 0
       2    0.031  0 0.0000 0.0000 0.000 0
       3    0.034  0 0.0000 0.0000 0.000 0
       4    0.036  0 0.0000 0.0000 0.000 0
       5    0.039  0 0.0000 0.0000 0.000 0
       6    0.043  0 0.0000 0.0000 0.000 0
       7    0.052  0 0.0000 0.0000 0.000 0
       8    0.060  0 0.0000 0.0000 0.000 0
       9    0.069  0 0.0000 0.0000 0.000 0
      10    0.077  0 0.0000 0.0000 0.000 0
      11    0.086  0 0.0000 0.0000 0.000 0
      12    0.093  0 0.0000 0.0000 0.000 0
      13    0.102  0 0.0000 0.0000 0.000 0
      14    0.110  0 0.0000 0.0000 0.000 0
      15    0.119  0 0.0000 0.0000 0.000 0
      16    0.127  0 0.0000 0.0000 0.000 0
      17    0.135  0 0.0000 0.0000 0.000 0
      18    0.143  0 0.0000 0.0000 0.000 0
      19    0.152  0 0.0000 0.0000 0.000 0
      20    0.160  0 0.0000 0.0000 0.000 0
      21    0.168  0 0.0000 0.0000 0.000 0
      22    0.177  0 0.0000 0.0000 0.000 0
      23    0.185  0 0.0000 0.0000 0.000 0
      24    0.194  0 0.0000 0.0000 0.000 0
      25    0.202  0 0.0000 0.0000 0.000 0
      26    0.210  0 0.0000 0.0000 0.000 0
      27    0.218  0 0.0000 0.0000 0.000 0
      28    0.227  0 0.0000 0.0000 0.000 0
      29    0.235  0 0.0000 0.0000 0.000 0
      30    0.243  0 0.0000 0.0000 0.000 0
      31    0.252  0 0.0000 0.0000 0.000 0
      32    0.260  0 0.0000 0.0000 0.000 0
      33    0.268  0 0.0000 0.0000 0.000 0
      34    0.277  0 0.0000 0.0000 0.000 0
      35    0.285  0 0.0000 0.0000 0.000 0
      36    0.294  0 0.0000 0.0000 0.000 0
      37    0.302  0 0.0000 0.0000 0.000 0
      38    0.310  0 0.0000 0.0000 0.000 0
      39    0.318  0 0.0000 0.0000 0.000 0
      40    0.327  0 0.0000 0.0000 0.000 0
      41    0.335  0 0.0000 0.0000 0.000 0
      42    0.343  0 0.0000 0.0000 0.000 0
      43    0.352  0 0.0000 0.0000 0.000 0
      44    0.360  0 0.0000 0.0000 0.000 0
      45    0.368  0 0.0000 0.0000 0.000 0
