C:\Users\Clandininlab\Desktop\2pstim_wNI_LB\Debug\Data\cylinder_sinewave_intergray_4dir_rperm_.txt 
       1    0.043  0 0.0000 0.0000 0.000 0
       2    0.047  0 0.0000 0.0000 0.000 0
       3    0.055  0 0.0000 0.0000 0.000 0
       4    0.059  0 0.0000 0.0000 0.000 0
       5    0.069  0 0.0000 0.0000 0.000 0
       6    0.079  0 0.0000 0.0000 0.000 0
       7    0.089  0 0.0000 0.0000 0.000 0
       8    0.099  0 0.0000 0.0000 0.000 0
       9    0.109  0 0.0000 0.0000 0.000 0
      10    0.119  0 0.0000 0.0000 0.000 0
      11    0.129  0 0.0000 0.0000 0.000 0
      12    0.139  0 0.0000 0.0000 0.000 0
      13    0.149  0 0.0000 0.0000 0.000 0
      14    0.159  0 0.0000 0.0000 0.000 0
      15    0.169  0 0.0000 0.0000 0.000 0
      16    0.179  0 0.0000 0.0000 0.000 0
      17    0.189  0 0.0000 0.0000 0.000 0
      18    0.199  0 0.0000 0.0000 0.000 0
      19    0.209  0 0.0000 0.0000 0.000 0
      20    0.219  0 0.0000 0.0000 0.000 0
      21    0.229  0 0.0000 0.0000 0.000 0
      22    0.239  0 0.0000 0.0000 0.000 0
      23    0.249  0 0.0000 0.0000 0.000 0
      24    0.259  0 0.0000 0.0000 0.000 0
      25    0.269  0 0.0000 0.0000 0.000 0
      26    0.279  0 0.0000 0.0000 0.000 0
      27    0.289  0 0.0000 0.0000 0.000 0
      28    0.299  0 0.0000 0.0000 0.000 0
      29    0.309  0 0.0000 0.0000 0.000 0
      30    0.319  0 0.0000 0.0000 0.000 0
      31    0.329  0 0.0000 0.0000 0.000 0
      32    0.339  0 0.0000 0.0000 0.000 0
      33    0.349  0 0.0000 0.0000 0.000 0
      34    0.359  0 0.0000 0.0000 0.000 0
      35    0.369  0 0.0000 0.0000 0.000 0
      36    0.379  0 0.0000 0.0000 0.000 0
      37    0.389  0 0.0000 0.0000 0.000 0
      38    0.399  0 0.0000 0.0000 0.000 0
      39    0.409  0 0.0000 0.0000 0.000 0
      40    0.419  0 0.0000 0.0000 0.000 0
      41    0.429  0 0.0000 0.0000 0.000 0
      42    0.439  0 0.0000 0.0000 0.000 0
      43    0.449  0 0.0000 0.0000 0.000 0
      44    0.459  0 0.0000 0.0000 0.000 0
      45    0.469  0 0.0000 0.0000 0.000 0
      46    0.479  0 0.0000 0.0000 0.000 0
      47    0.489  0 0.0000 0.0000 0.000 0
      48    0.499  0 0.0000 0.0000 0.000 0
      49    0.509  0 0.0000 0.0000 0.000 0
      50    0.519  0 0.0000 0.0000 0.000 0
      51    0.529  0 0.0000 0.0000 0.000 0
      52    0.539  0 0.0000 0.0000 0.000 0
      53    0.549  0 0.0000 0.0000 0.000 0
      54    0.559  0 0.0000 0.0000 0.000 0
      55    0.569  0 0.0000 0.0000 0.000 0
      56    0.579  0 0.0000 0.0000 0.000 0
      57    0.589  0 0.0000 0.0000 0.000 0
      58    0.599  0 0.0000 0.0000 0.000 0
      59    0.609  0 0.0000 0.0000 0.000 0
      60    0.619  0 0.0000 0.0000 0.000 0
      61    0.629  0 0.0000 0.0000 0.000 0
      62    0.639  0 0.0000 0.0000 0.000 0
      63    0.649  0 0.0000 0.0000 0.000 0
      64    0.659  0 0.0000 0.0000 0.000 0
      65    0.669  0 0.0000 0.0000 0.000 0
      66    0.679  0 0.0000 0.0000 0.000 0
      67    0.689  0 0.0000 0.0000 0.000 0
      68    0.699  0 0.0000 0.0000 0.000 0
      69    0.709  0 0.0000 0.0000 0.000 0
      70    0.719  0 0.0000 0.0000 0.000 0
      71    0.729  0 0.0000 0.0000 0.000 0
      72    0.739  0 0.0000 0.0000 0.000 0
      73    0.749  0 0.0000 0.0000 0.000 0
      74    0.759  0 0.0000 0.0000 0.000 0
      75    0.769  0 0.0000 0.0000 0.000 0
      76    0.779  0 0.0000 0.0000 0.000 0
      77    0.789  0 0.0000 0.0000 0.000 0
      78    0.799  0 0.0000 0.0000 0.000 0
      79    0.809  0 0.0000 0.0000 0.000 0
      80    0.819  0 0.0000 0.0000 0.000 0
      81    0.829  0 0.0000 0.0000 0.000 0
      82    0.839  0 0.0000 0.0000 0.000 0
      83    0.849  0 0.0000 0.0000 0.000 0
      84    0.859  0 0.0000 0.0000 0.000 0
      85    0.869  0 0.0000 0.0000 0.000 0
      86    0.879  0 0.0000 0.0000 0.000 0
      87    0.889  0 0.0000 0.0000 0.000 0
      88    0.899  0 0.0000 0.0000 0.000 0
      89    0.909  0 0.0000 0.0000 0.000 0
      90    0.919  0 0.0000 0.0000 0.000 0
      91    0.929  0 0.0000 0.0000 0.000 0
      92    0.939  0 0.0000 0.0000 0.000 0
      93    0.949  0 0.0000 0.0000 0.000 0
      94    0.959  0 0.0000 0.0000 0.000 0
      95    0.969  0 0.0000 0.0000 0.000 0
      96    0.979  0 0.0000 0.0000 0.000 0
      97    0.989  0 0.0000 0.0000 0.000 0
      98    0.999  0 0.0000 0.0000 0.000 0
      99    1.009  3 0.0000 0.0000 0.000 0
     100    1.019  3 0.0000 0.0000 0.000 0
     101    1.029  3 0.0000 0.0000 0.000 0
     102    1.039  3 0.0000 0.0000 0.000 0
     103    1.049  3 0.0000 0.0000 0.000 0
     104    1.059  3 0.0000 0.0000 0.000 0
     105    1.069  3 0.0000 0.0000 0.000 0
     106    1.079  3 0.0000 0.0000 0.000 0
     107    1.089  3 0.0000 0.0000 0.000 0
     108    1.099  3 0.0000 0.0000 0.000 0
     109    1.109  3 0.0000 0.0000 0.000 0
     110    1.119  3 0.0000 0.0000 0.000 0
     111    1.129  3 0.0000 0.0000 0.000 0
     112    1.140  3 0.0000 0.0000 0.000 0
     113    1.149  3 0.0000 0.0000 0.000 0
     114    1.159  3 0.0000 0.0000 0.000 0
     115    1.169  3 0.0000 0.0000 0.000 0
     116    1.180  3 0.0000 0.0000 0.000 0
     117    1.189  3 0.0000 0.0000 0.000 0
     118    1.199  3 0.0000 0.0000 0.000 0
     119    1.209  3 0.0000 0.0000 0.000 0
     120    1.219  3 0.0000 0.0000 0.000 0
     121    1.230  3 0.0000 0.0000 0.000 0
     122    1.240  3 0.0000 0.0000 0.000 0
     123    1.250  3 0.0000 0.0000 0.000 0
     124    1.259  3 0.0000 0.0000 0.000 0
     125    1.270  3 0.0000 0.0000 0.000 0
     126    1.279  3 0.0000 0.0000 0.000 0
     127    1.289  3 0.0000 0.0000 0.000 0
     128    1.299  3 0.0000 0.0000 0.000 0
     129    1.310  3 0.0000 0.0000 0.000 0
     130    1.320  3 0.0000 0.0000 0.000 0
     131    1.330  3 0.0000 0.0000 0.000 0
     132    1.340  3 0.0000 0.0000 0.000 0
     133    1.350  3 0.0000 0.0000 0.000 0
     134    1.360  3 0.0000 0.0000 0.000 0
     135    1.370  3 0.0000 0.0000 0.000 0
     136    1.380  3 0.0000 0.0000 0.000 0
     137    1.390  3 0.0000 0.0000 0.000 0
     138    1.400  3 0.0000 0.0000 0.000 0
     139    1.410  3 0.0000 0.0000 0.000 0
     140    1.420  3 0.0000 0.0000 0.000 0
     141    1.430  3 0.0000 0.0000 0.000 0
     142    1.440  3 0.0000 0.0000 0.000 0
     143    1.450  3 0.0000 0.0000 0.000 0
     144    1.460  3 0.0000 0.0000 0.000 0
     145    1.470  3 0.0000 0.0000 0.000 0
     146    1.480  3 0.0000 0.0000 0.000 0
     147    1.490  3 0.0000 0.0000 0.000 0
     148    1.500  3 0.0000 0.0000 0.000 0
     149    1.510  3 0.0000 0.0000 0.000 0
     150    1.520  3 0.0000 0.0000 0.000 0
     151    1.530  3 0.0000 0.0000 0.000 0
     152    1.540  3 0.0000 0.0000 0.000 0
     153    1.550  3 0.0000 0.0000 0.000 0
     154    1.560  3 0.0000 0.0000 0.000 0
     155    1.570  3 0.0000 0.0000 0.000 0
     156    1.580  3 0.0000 0.0000 0.000 0
     157    1.590  3 0.0000 0.0000 0.000 0
     158    1.600  3 0.0000 0.0000 0.000 0
     159    1.610  3 0.0000 0.0000 0.000 0
     160    1.620  3 0.0000 0.0000 0.000 0
     161    1.630  3 0.0000 0.0000 0.000 0
     162    1.640  3 0.0000 0.0000 0.000 0
     163    1.650  3 0.0000 0.0000 0.000 0
     164    1.660  3 0.0000 0.0000 0.000 0
     165    1.670  3 0.0000 0.0000 0.000 0
     166    1.680  3 0.0000 0.0000 0.000 0
     167    1.690  3 0.0000 0.0000 0.000 0
     168    1.700  3 0.0000 0.0000 0.000 0
     169    1.711  3 0.0000 0.0000 0.000 0
     170    1.720  3 0.0000 0.0000 0.000 0
     171    1.730  3 0.0000 0.0000 0.000 0
     172    1.740  3 0.0000 0.0000 0.000 0
     173    1.750  3 0.0000 0.0000 0.000 0
     174    1.760  3 0.0000 0.0000 0.000 0
     175    1.770  3 0.0000 0.0000 0.000 0
     176    1.780  3 0.0000 0.0000 0.000 0
     177    1.790  3 0.0000 0.0000 0.000 0
     178    1.800  3 0.0000 0.0000 0.000 0
     179    1.811  3 0.0000 0.0000 0.000 0
     180    1.820  3 0.0000 0.0000 0.000 0
     181    1.830  3 0.0000 0.0000 0.000 0
     182    1.840  3 0.0000 0.0000 0.000 0
     183    1.850  3 0.0000 0.0000 0.000 0
     184    1.860  3 0.0000 0.0000 0.000 0
     185    1.870  3 0.0000 0.0000 0.000 0
     186    1.880  3 0.0000 0.0000 0.000 0
     187    1.890  3 0.0000 0.0000 0.000 0
     188    1.900  3 0.0000 0.0000 0.000 0
     189    1.910  3 0.0000 0.0000 0.000 0
     190    1.920  3 0.0000 0.0000 0.000 0
     191    1.930  3 0.0000 0.0000 0.000 0
     192    1.940  3 0.0000 0.0000 0.000 0
     193    1.950  3 0.0000 0.0000 0.000 0
     194    1.960  3 0.0000 0.0000 0.000 0
     195    1.970  3 0.0000 0.0000 0.000 0
     196    1.980  3 0.0000 0.0000 0.000 0
     197    1.990  3 0.0000 0.0000 0.000 0
     198    2.000  3 0.0000 0.0000 0.000 0
     199    2.010  3 0.0000 0.0000 0.000 0
     200    2.021  3 0.0000 0.0000 0.000 0
     201    2.030  3 0.0000 0.0000 0.000 0
     202    2.040  3 0.0000 0.0000 0.000 0
     203    2.050  3 0.0000 0.0000 0.000 0
     204    2.060  3 0.0000 0.0000 0.000 0
     205    2.070  3 0.0000 0.0000 0.000 0
     206    2.080  3 0.0000 0.0000 0.000 0
     207    2.090  3 0.0000 0.0000 0.000 0
     208    2.100  3 0.0000 0.0000 0.000 0
     209    2.110  3 0.0000 0.0000 0.000 0
     210    2.121  3 0.0000 0.0000 0.000 0
     211    2.130  3 0.0000 0.0000 0.000 0
     212    2.140  3 0.0000 0.0000 0.000 0
     213    2.150  3 0.0000 0.0000 0.000 0
     214    2.160  3 0.0000 0.0000 0.000 0
     215    2.170  3 0.0000 0.0000 0.000 0
     216    2.180  3 0.0000 0.0000 0.000 0
     217    2.190  3 0.0000 0.0000 0.000 0
     218    2.200  3 0.0000 0.0000 0.000 0
     219    2.210  3 0.0000 0.0000 0.000 0
     220    2.221  3 0.0000 0.0000 0.000 0
     221    2.230  3 0.0000 0.0000 0.000 0
     222    2.240  3 0.0000 0.0000 0.000 0
     223    2.250  3 0.0000 0.0000 0.000 0
     224    2.260  3 0.0000 0.0000 0.000 0
     225    2.270  3 0.0000 0.0000 0.000 0
     226    2.280  3 0.0000 0.0000 0.000 0
     227    2.290  3 0.0000 0.0000 0.000 0
     228    2.300  3 0.0000 0.0000 0.000 0
     229    2.310  3 0.0000 0.0000 0.000 0
     230    2.321  3 0.0000 0.0000 0.000 0
     231    2.330  3 0.0000 0.0000 0.000 0
     232    2.340  3 0.0000 0.0000 0.000 0
     233    2.350  3 0.0000 0.0000 0.000 0
     234    2.360  3 0.0000 0.0000 0.000 0
     235    2.370  3 0.0000 0.0000 0.000 0
     236    2.381  3 0.0000 0.0000 0.000 0
     237    2.390  3 0.0000 0.0000 0.000 0
     238    2.400  3 0.0000 0.0000 0.000 0
     239    2.410  3 0.0000 0.0000 0.000 0
     240    2.421  3 0.0000 0.0000 0.000 0
     241    2.430  3 0.0000 0.0000 0.000 0
     242    2.441  3 0.0000 0.0000 0.000 0
     243    2.451  3 0.0000 0.0000 0.000 0
     244    2.461  3 0.0000 0.0000 0.000 0
     245    2.471  3 0.0000 0.0000 0.000 0
     246    2.481  3 0.0000 0.0000 0.000 0
     247    2.491  3 0.0000 0.0000 0.000 0
     248    2.501  3 0.0000 0.0000 0.000 0
     249    2.511  3 0.0000 0.0000 0.000 0
     250    2.521  3 0.0000 0.0000 0.000 0
     251    2.531  3 0.0000 0.0000 0.000 0
     252    2.541  3 0.0000 0.0000 0.000 0
     253    2.551  3 0.0000 0.0000 0.000 0
     254    2.561  3 0.0000 0.0000 0.000 0
     255    2.571  3 0.0000 0.0000 0.000 0
     256    2.581  3 0.0000 0.0000 0.000 0
     257    2.591  3 0.0000 0.0000 0.000 0
     258    2.601  3 0.0000 0.0000 0.000 0
     259    2.611  3 0.0000 0.0000 0.000 0
     260    2.621  3 0.0000 0.0000 0.000 0
     261    2.631  3 0.0000 0.0000 0.000 0
     262    2.641  3 0.0000 0.0000 0.000 0
     263    2.651  3 0.0000 0.0000 0.000 0
     264    2.661  3 0.0000 0.0000 0.000 0
     265    2.671  3 0.0000 0.0000 0.000 0
     266    2.681  3 0.0000 0.0000 0.000 0
     267    2.691  3 0.0000 0.0000 0.000 0
     268    2.701  3 0.0000 0.0000 0.000 0
     269    2.711  3 0.0000 0.0000 0.000 0
     270    2.721  3 0.0000 0.0000 0.000 0
     271    2.731  3 0.0000 0.0000 0.000 0
     272    2.741  3 0.0000 0.0000 0.000 0
     273    2.751  3 0.0000 0.0000 0.000 0
     274    2.761  3 0.0000 0.0000 0.000 0
     275    2.771  3 0.0000 0.0000 0.000 0
     276    2.781  3 0.0000 0.0000 0.000 0
     277    2.791  3 0.0000 0.0000 0.000 0
     278    2.801  3 0.0000 0.0000 0.000 0
     279    2.811  3 0.0000 0.0000 0.000 0
     280    2.821  3 0.0000 0.0000 0.000 0
     281    2.831  3 0.0000 0.0000 0.000 0
     282    2.841  3 0.0000 0.0000 0.000 0
     283    2.851  3 0.0000 0.0000 0.000 0
     284    2.861  3 0.0000 0.0000 0.000 0
     285    2.871  3 0.0000 0.0000 0.000 0
     286    2.881  3 0.0000 0.0000 0.000 0
     287    2.891  3 0.0000 0.0000 0.000 0
     288    2.901  3 0.0000 0.0000 0.000 0
     289    2.911  3 0.0000 0.0000 0.000 0
     290    2.921  3 0.0000 0.0000 0.000 0
     291    2.931  3 0.0000 0.0000 0.000 0
     292    2.941  3 0.0000 0.0000 0.000 0
     293    2.951  3 0.0000 0.0000 0.000 0
     294    2.961  3 0.0000 0.0000 0.000 0
     295    2.971  3 0.0000 0.0000 0.000 0
     296    2.981  3 0.0000 0.0000 0.000 0
     297    2.991  3 0.0000 0.0000 0.000 0
     298    3.001  3 0.0000 0.0000 0.000 0
     299    3.011  3 0.0000 0.0000 0.000 0
     300    3.021  3 0.0000 0.0000 0.000 0
     301    3.031  3 0.0000 0.0000 0.000 0
     302    3.041  3 0.0000 0.0000 0.000 0
     303    3.051  3 0.0000 0.0000 0.000 0
     304    3.061  3 0.0000 0.0000 0.000 0
     305    3.071  3 0.0000 0.0000 0.000 0
     306    3.081  3 0.0000 0.0000 0.000 0
     307    3.091  3 0.0000 0.0000 0.000 0
     308    3.101  3 0.0000 0.0000 0.000 0
     309    3.111  3 0.0000 0.0000 0.000 0
     310    3.121  3 0.0000 0.0000 0.000 0
     311    3.131  3 0.0000 0.0000 0.000 0
     312    3.141  3 0.0000 0.0000 0.000 0
     313    3.151  3 0.0000 0.0000 0.000 0
     314    3.161  3 0.0000 0.0000 0.000 0
     315    3.171  3 0.0000 0.0000 0.000 0
     316    3.181  3 0.0000 0.0000 0.000 0
     317    3.191  3 0.0000 0.0000 0.000 0
     318    3.201  3 0.0000 0.0000 0.000 0
     319    3.211  3 0.0000 0.0000 0.000 0
     320    3.221  3 0.0000 0.0000 0.000 0
     321    3.231  3 0.0000 0.0000 0.000 0
     322    3.241  3 0.0000 0.0000 0.000 0
     323    3.251  3 0.0000 0.0000 0.000 0
     324    3.261  3 0.0000 0.0000 0.000 0
     325    3.271  3 0.0000 0.0000 0.000 0
     326    3.281  3 0.0000 0.0000 0.000 0
     327    3.291  3 0.0000 0.0000 0.000 0
     328    3.301  3 0.0000 0.0000 0.000 0
     329    3.311  3 0.0000 0.0000 0.000 0
     330    3.321  3 0.0000 0.0000 0.000 0
     331    3.331  3 0.0000 0.0000 0.000 0
     332    3.341  3 0.0000 0.0000 0.000 0
     333    3.351  3 0.0000 0.0000 0.000 0
     334    3.361  3 0.0000 0.0000 0.000 0
     335    3.371  3 0.0000 0.0000 0.000 0
     336    3.381  3 0.0000 0.0000 0.000 0
     337    3.391  3 0.0000 0.0000 0.000 0
     338    3.401  3 0.0000 0.0000 0.000 0
     339    3.411  3 0.0000 0.0000 0.000 0
     340    3.421  3 0.0000 0.0000 0.000 0
     341    3.431  3 0.0000 0.0000 0.000 0
     342    3.441  3 0.0000 0.0000 0.000 0
     343    3.451  3 0.0000 0.0000 0.000 0
     344    3.461  3 0.0000 0.0000 0.000 0
     345    3.471  3 0.0000 0.0000 0.000 0
     346    3.481  3 0.0000 0.0000 0.000 0
     347    3.491  3 0.0000 0.0000 0.000 0
     348    3.501  3 0.0000 0.0000 0.000 0
     349    3.511  3 0.0000 0.0000 0.000 0
     350    3.521  3 0.0000 0.0000 0.000 0
     351    3.531  3 0.0000 0.0000 0.000 0
     352    3.541  3 0.0000 0.0000 0.000 0
     353    3.551  3 0.0000 0.0000 0.000 0
     354    3.561  3 0.0000 0.0000 0.000 0
     355    3.571  3 0.0000 0.0000 0.000 0
     356    3.581  3 0.0000 0.0000 0.000 0
     357    3.591  3 0.0000 0.0000 0.000 0
     358    3.601  3 0.0000 0.0000 0.000 0
     359    3.611  3 0.0000 0.0000 0.000 0
     360    3.621  3 0.0000 0.0000 0.000 0
     361    3.631  3 0.0000 0.0000 0.000 0
     362    3.641  3 0.0000 0.0000 0.000 0
     363    3.651  3 0.0000 0.0000 0.000 0
     364    3.661  3 0.0000 0.0000 0.000 0
     365    3.671  3 0.0000 0.0000 0.000 0
     366    3.681  3 0.0000 0.0000 0.000 0
     367    3.691  3 0.0000 0.0000 0.000 0
     368    3.701  3 0.0000 0.0000 0.000 0
     369    3.711  3 0.0000 0.0000 0.000 0
     370    3.721  3 0.0000 0.0000 0.000 0
     371    3.731  3 0.0000 0.0000 0.000 0
     372    3.741  3 0.0000 0.0000 0.000 0
     373    3.751  3 0.0000 0.0000 0.000 0
     374    3.761  3 0.0000 0.0000 0.000 0
     375    3.771  3 0.0000 0.0000 0.000 0
     376    3.781  3 0.0000 0.0000 0.000 0
     377    3.791  3 0.0000 0.0000 0.000 0
     378    3.801  3 0.0000 0.0000 0.000 0
     379    3.811  3 0.0000 0.0000 0.000 0
     380    3.821  3 0.0000 0.0000 0.000 0
     381    3.831  3 0.0000 0.0000 0.000 0
     382    3.841  3 0.0000 0.0000 0.000 0
     383    3.851  3 0.0000 0.0000 0.000 0
     384    3.861  3 0.0000 0.0000 0.000 0
     385    3.871  3 0.0000 0.0000 0.000 0
     386    3.881  3 0.0000 0.0000 0.000 0
     387    3.891  3 0.0000 0.0000 0.000 0
     388    3.901  3 0.0000 0.0000 0.000 0
     389    3.911  3 0.0000 0.0000 0.000 0
     390    3.921  3 0.0000 0.0000 0.000 0
     391    3.931  3 0.0000 0.0000 0.000 0
     392    3.941  3 0.0000 0.0000 0.000 0
     393    3.951  3 0.0000 0.0000 0.000 0
     394    3.961  3 0.0000 0.0000 0.000 0
     395    3.971  3 0.0000 0.0000 0.000 0
     396    3.981  3 0.0000 0.0000 0.000 0
     397    3.991  3 0.0000 0.0000 0.000 0
     398    4.001  3 0.0000 0.0000 0.000 0
     399    4.011  2 0.0000 0.0000 0.000 0
     400    4.021  2 0.0000 0.0000 0.000 0
     401    4.031  2 0.0000 0.0000 0.000 0
     402    4.041  2 0.0000 0.0000 0.000 0
     403    4.051  2 0.0000 0.0000 0.000 0
     404    4.061  2 0.0000 0.0000 0.000 0
     405    4.071  2 0.0000 0.0000 0.000 0
     406    4.081  2 0.0000 0.0000 0.000 0
     407    4.091  2 0.0000 0.0000 0.000 0
     408    4.101  2 0.0000 0.0000 0.000 0
     409    4.111  2 0.0000 0.0000 0.000 0
     410    4.121  2 0.0000 0.0000 0.000 0
     411    4.131  2 0.0000 0.0000 0.000 0
     412    4.142  2 0.0000 0.0000 0.000 0
     413    4.152  2 0.0000 0.0000 0.000 0
     414    4.162  2 0.0000 0.0000 0.000 0
     415    4.172  2 0.0000 0.0000 0.000 0
     416    4.182  2 0.0000 0.0000 0.000 0
     417    4.192  2 0.0000 0.0000 0.000 0
     418    4.202  2 0.0000 0.0000 0.000 0
     419    4.212  2 0.0000 0.0000 0.000 0
     420    4.222  2 0.0000 0.0000 0.000 0
     421    4.232  2 0.0000 0.0000 0.000 0
     422    4.242  2 0.0000 0.0000 0.000 0
     423    4.252  2 0.0000 0.0000 0.000 0
     424    4.262  2 0.0000 0.0000 0.000 0
     425    4.272  2 0.0000 0.0000 0.000 0
     426    4.282  2 0.0000 0.0000 0.000 0
     427    4.292  2 0.0000 0.0000 0.000 0
     428    4.302  2 0.0000 0.0000 0.000 0
     429    4.312  2 0.0000 0.0000 0.000 0
     430    4.322  2 0.0000 0.0000 0.000 0
     431    4.332  2 0.0000 0.0000 0.000 0
     432    4.342  2 0.0000 0.0000 0.000 0
     433    4.352  2 0.0000 0.0000 0.000 0
     434    4.362  2 0.0000 0.0000 0.000 0
     435    4.372  2 0.0000 0.0000 0.000 0
     436    4.382  2 0.0000 0.0000 0.000 0
     437    4.392  2 0.0000 0.0000 0.000 0
     438    4.402  2 0.0000 0.0000 0.000 0
     439    4.412  2 0.0000 0.0000 0.000 0
     440    4.422  2 0.0000 0.0000 0.000 0
     441    4.432  2 0.0000 0.0000 0.000 0
     442    4.442  2 0.0000 0.0000 0.000 0
     443    4.452  2 0.0000 0.0000 0.000 0
     444    4.462  2 0.0000 0.0000 0.000 0
     445    4.472  2 0.0000 0.0000 0.000 0
     446    4.482  2 0.0000 0.0000 0.000 0
     447    4.492  2 0.0000 0.0000 0.000 0
     448    4.502  2 0.0000 0.0000 0.000 0
     449    4.512  2 0.0000 0.0000 0.000 0
     450    4.522  2 0.0000 0.0000 0.000 0
     451    4.532  2 0.0000 0.0000 0.000 0
     452    4.542  2 0.0000 0.0000 0.000 0
     453    4.552  2 0.0000 0.0000 0.000 0
     454    4.562  2 0.0000 0.0000 0.000 0
     455    4.572  2 0.0000 0.0000 0.000 0
     456    4.582  2 0.0000 0.0000 0.000 0
     457    4.592  2 0.0000 0.0000 0.000 0
     458    4.602  2 0.0000 0.0000 0.000 0
     459    4.612  2 0.0000 0.0000 0.000 0
     460    4.622  2 0.0000 0.0000 0.000 0
     461    4.632  2 0.0000 0.0000 0.000 0
     462    4.642  2 0.0000 0.0000 0.000 0
     463    4.652  2 0.0000 0.0000 0.000 0
     464    4.662  2 0.0000 0.0000 0.000 0
     465    4.672  2 0.0000 0.0000 0.000 0
     466    4.682  2 0.0000 0.0000 0.000 0
     467    4.692  2 0.0000 0.0000 0.000 0
     468    4.702  2 0.0000 0.0000 0.000 0
     469    4.712  2 0.0000 0.0000 0.000 0
     470    4.722  2 0.0000 0.0000 0.000 0
     471    4.732  2 0.0000 0.0000 0.000 0
     472    4.742  2 0.0000 0.0000 0.000 0
     473    4.752  2 0.0000 0.0000 0.000 0
     474    4.762  2 0.0000 0.0000 0.000 0
     475    4.772  2 0.0000 0.0000 0.000 0
     476    4.782  2 0.0000 0.0000 0.000 0
     477    4.792  2 0.0000 0.0000 0.000 0
     478    4.802  2 0.0000 0.0000 0.000 0
     479    4.812  2 0.0000 0.0000 0.000 0
     480    4.822  2 0.0000 0.0000 0.000 0
     481    4.832  2 0.0000 0.0000 0.000 0
     482    4.842  2 0.0000 0.0000 0.000 0
     483    4.852  2 0.0000 0.0000 0.000 0
     484    4.862  2 0.0000 0.0000 0.000 0
     485    4.872  2 0.0000 0.0000 0.000 0
     486    4.882  2 0.0000 0.0000 0.000 0
     487    4.892  2 0.0000 0.0000 0.000 0
     488    4.902  2 0.0000 0.0000 0.000 0
     489    4.912  2 0.0000 0.0000 0.000 0
     490    4.922  2 0.0000 0.0000 0.000 0
     491    4.932  2 0.0000 0.0000 0.000 0
     492    4.942  2 0.0000 0.0000 0.000 0
     493    4.952  2 0.0000 0.0000 0.000 0
     494    4.962  2 0.0000 0.0000 0.000 0
     495    4.972  2 0.0000 0.0000 0.000 0
     496    4.982  2 0.0000 0.0000 0.000 0
     497    4.992  2 0.0000 0.0000 0.000 0
     498    5.002  2 0.0000 0.0000 0.000 0
     499    5.012  2 0.0000 0.0000 0.000 0
     500    5.022  2 0.0000 0.0000 0.000 0
     501    5.032  2 0.0000 0.0000 0.000 0
     502    5.042  2 0.0000 0.0000 0.000 0
     503    5.052  2 0.0000 0.0000 0.000 0
     504    5.062  2 0.0000 0.0000 0.000 0
     505    5.072  2 0.0000 0.0000 0.000 0
     506    5.082  2 0.0000 0.0000 0.000 0
     507    5.092  2 0.0000 0.0000 0.000 0
     508    5.102  2 0.0000 0.0000 0.000 0
     509    5.112  2 0.0000 0.0000 0.000 0
     510    5.122  2 0.0000 0.0000 0.000 0
     511    5.132  2 0.0000 0.0000 0.000 0
     512    5.142  2 0.0000 0.0000 0.000 0
     513    5.152  2 0.0000 0.0000 0.000 0
     514    5.162  2 0.0000 0.0000 0.000 0
     515    5.172  2 0.0000 0.0000 0.000 0
     516    5.182  2 0.0000 0.0000 0.000 0
     517    5.192  2 0.0000 0.0000 0.000 0
     518    5.202  2 0.0000 0.0000 0.000 0
     519    5.212  2 0.0000 0.0000 0.000 0
     520    5.222  2 0.0000 0.0000 0.000 0
     521    5.232  2 0.0000 0.0000 0.000 0
     522    5.242  2 0.0000 0.0000 0.000 0
     523    5.252  2 0.0000 0.0000 0.000 0
     524    5.262  2 0.0000 0.0000 0.000 0
     525    5.272  2 0.0000 0.0000 0.000 0
     526    5.282  2 0.0000 0.0000 0.000 0
     527    5.292  2 0.0000 0.0000 0.000 0
     528    5.302  2 0.0000 0.0000 0.000 0
     529    5.312  2 0.0000 0.0000 0.000 0
     530    5.322  2 0.0000 0.0000 0.000 0
     531    5.332  2 0.0000 0.0000 0.000 0
     532    5.342  2 0.0000 0.0000 0.000 0
     533    5.352  2 0.0000 0.0000 0.000 0
     534    5.362  2 0.0000 0.0000 0.000 0
     535    5.372  2 0.0000 0.0000 0.000 0
     536    5.382  2 0.0000 0.0000 0.000 0
     537    5.392  2 0.0000 0.0000 0.000 0
     538    5.402  2 0.0000 0.0000 0.000 0
     539    5.412  2 0.0000 0.0000 0.000 0
     540    5.422  2 0.0000 0.0000 0.000 0
     541    5.432  2 0.0000 0.0000 0.000 0
     542    5.442  2 0.0000 0.0000 0.000 0
     543    5.452  2 0.0000 0.0000 0.000 0
     544    5.462  2 0.0000 0.0000 0.000 0
     545    5.472  2 0.0000 0.0000 0.000 0
     546    5.482  2 0.0000 0.0000 0.000 0
     547    5.493  2 0.0000 0.0000 0.000 0
     548    5.502  2 0.0000 0.0000 0.000 0
     549    5.513  2 0.0000 0.0000 0.000 0
     550    5.523  2 0.0000 0.0000 0.000 0
     551    5.533  2 0.0000 0.0000 0.000 0
     552    5.543  2 0.0000 0.0000 0.000 0
     553    5.553  2 0.0000 0.0000 0.000 0
     554    5.563  2 0.0000 0.0000 0.000 0
     555    5.573  2 0.0000 0.0000 0.000 0
     556    5.583  2 0.0000 0.0000 0.000 0
     557    5.593  2 0.0000 0.0000 0.000 0
     558    5.603  2 0.0000 0.0000 0.000 0
     559    5.613  2 0.0000 0.0000 0.000 0
     560    5.623  2 0.0000 0.0000 0.000 0
     561    5.633  2 0.0000 0.0000 0.000 0
     562    5.643  2 0.0000 0.0000 0.000 0
     563    5.653  2 0.0000 0.0000 0.000 0
     564    5.663  2 0.0000 0.0000 0.000 0
     565    5.673  2 0.0000 0.0000 0.000 0
     566    5.683  2 0.0000 0.0000 0.000 0
     567    5.693  2 0.0000 0.0000 0.000 0
     568    5.703  2 0.0000 0.0000 0.000 0
     569    5.713  2 0.0000 0.0000 0.000 0
     570    5.723  2 0.0000 0.0000 0.000 0
     571    5.733  2 0.0000 0.0000 0.000 0
     572    5.743  2 0.0000 0.0000 0.000 0
     573    5.753  2 0.0000 0.0000 0.000 0
     574    5.763  2 0.0000 0.0000 0.000 0
     575    5.773  2 0.0000 0.0000 0.000 0
     576    5.783  2 0.0000 0.0000 0.000 0
     577    5.793  2 0.0000 0.0000 0.000 0
     578    5.803  2 0.0000 0.0000 0.000 0
     579    5.813  2 0.0000 0.0000 0.000 0
     580    5.823  2 0.0000 0.0000 0.000 0
     581    5.833  2 0.0000 0.0000 0.000 0
     582    5.843  2 0.0000 0.0000 0.000 0
     583    5.853  2 0.0000 0.0000 0.000 0
     584    5.863  2 0.0000 0.0000 0.000 0
     585    5.873  2 0.0000 0.0000 0.000 0
     586    5.883  2 0.0000 0.0000 0.000 0
     587    5.893  2 0.0000 0.0000 0.000 0
     588    5.903  2 0.0000 0.0000 0.000 0
     589    5.913  2 0.0000 0.0000 0.000 0
     590    5.923  2 0.0000 0.0000 0.000 0
     591    5.933  2 0.0000 0.0000 0.000 0
     592    5.943  2 0.0000 0.0000 0.000 0
     593    5.953  2 0.0000 0.0000 0.000 0
     594    5.963  2 0.0000 0.0000 0.000 0
     595    5.973  2 0.0000 0.0000 0.000 0
     596    5.983  2 0.0000 0.0000 0.000 0
     597    5.993  2 0.0000 0.0000 0.000 0
     598    6.003  2 0.0000 0.0000 0.000 0
     599    6.013  2 0.0000 0.0000 0.000 0
     600    6.023  2 0.0000 0.0000 0.000 0
     601    6.033  2 0.0000 0.0000 0.000 0
     602    6.043  2 0.0000 0.0000 0.000 0
     603    6.053  2 0.0000 0.0000 0.000 0
     604    6.063  2 0.0000 0.0000 0.000 0
     605    6.073  2 0.0000 0.0000 0.000 0
     606    6.083  2 0.0000 0.0000 0.000 0
     607    6.093  2 0.0000 0.0000 0.000 0
     608    6.103  2 0.0000 0.0000 0.000 0
     609    6.113  2 0.0000 0.0000 0.000 0
     610    6.123  2 0.0000 0.0000 0.000 0
     611    6.133  2 0.0000 0.0000 0.000 0
     612    6.143  2 0.0000 0.0000 0.000 0
     613    6.153  2 0.0000 0.0000 0.000 0
     614    6.163  2 0.0000 0.0000 0.000 0
     615    6.173  2 0.0000 0.0000 0.000 0
     616    6.183  2 0.0000 0.0000 0.000 0
     617    6.193  2 0.0000 0.0000 0.000 0
     618    6.203  2 0.0000 0.0000 0.000 0
     619    6.213  2 0.0000 0.0000 0.000 0
     620    6.223  2 0.0000 0.0000 0.000 0
     621    6.233  2 0.0000 0.0000 0.000 0
     622    6.243  2 0.0000 0.0000 0.000 0
     623    6.253  2 0.0000 0.0000 0.000 0
     624    6.263  2 0.0000 0.0000 0.000 0
     625    6.273  2 0.0000 0.0000 0.000 0
     626    6.283  2 0.0000 0.0000 0.000 0
     627    6.293  2 0.0000 0.0000 0.000 0
     628    6.303  2 0.0000 0.0000 0.000 0
     629    6.313  2 0.0000 0.0000 0.000 0
     630    6.323  2 0.0000 0.0000 0.000 0
     631    6.333  2 0.0000 0.0000 0.000 0
     632    6.343  2 0.0000 0.0000 0.000 0
     633    6.353  2 0.0000 0.0000 0.000 0
     634    6.363  2 0.0000 0.0000 0.000 0
     635    6.373  2 0.0000 0.0000 0.000 0
     636    6.383  2 0.0000 0.0000 0.000 0
     637    6.393  2 0.0000 0.0000 0.000 0
     638    6.403  2 0.0000 0.0000 0.000 0
     639    6.413  2 0.0000 0.0000 0.000 0
     640    6.423  2 0.0000 0.0000 0.000 0
     641    6.433  2 0.0000 0.0000 0.000 0
     642    6.443  2 0.0000 0.0000 0.000 0
     643    6.453  2 0.0000 0.0000 0.000 0
     644    6.463  2 0.0000 0.0000 0.000 0
     645    6.473  2 0.0000 0.0000 0.000 0
     646    6.483  2 0.0000 0.0000 0.000 0
     647    6.493  2 0.0000 0.0000 0.000 0
     648    6.503  2 0.0000 0.0000 0.000 0
     649    6.513  2 0.0000 0.0000 0.000 0
     650    6.523  2 0.0000 0.0000 0.000 0
     651    6.533  2 0.0000 0.0000 0.000 0
     652    6.543  2 0.0000 0.0000 0.000 0
     653    6.553  2 0.0000 0.0000 0.000 0
     654    6.563  2 0.0000 0.0000 0.000 0
     655    6.573  2 0.0000 0.0000 0.000 0
     656    6.583  2 0.0000 0.0000 0.000 0
     657    6.593  2 0.0000 0.0000 0.000 0
     658    6.603  2 0.0000 0.0000 0.000 0
     659    6.613  2 0.0000 0.0000 0.000 0
     660    6.623  2 0.0000 0.0000 0.000 0
     661    6.633  2 0.0000 0.0000 0.000 0
     662    6.643  2 0.0000 0.0000 0.000 0
     663    6.653  2 0.0000 0.0000 0.000 0
     664    6.663  2 0.0000 0.0000 0.000 0
     665    6.673  2 0.0000 0.0000 0.000 0
     666    6.683  2 0.0000 0.0000 0.000 0
     667    6.693  2 0.0000 0.0000 0.000 0
     668    6.703  2 0.0000 0.0000 0.000 0
     669    6.713  2 0.0000 0.0000 0.000 0
     670    6.723  2 0.0000 0.0000 0.000 0
     671    6.733  2 0.0000 0.0000 0.000 0
     672    6.743  2 0.0000 0.0000 0.000 0
     673    6.753  2 0.0000 0.0000 0.000 0
     674    6.763  2 0.0000 0.0000 0.000 0
     675    6.773  2 0.0000 0.0000 0.000 0
     676    6.783  2 0.0000 0.0000 0.000 0
     677    6.793  2 0.0000 0.0000 0.000 0
     678    6.803  2 0.0000 0.0000 0.000 0
     679    6.813  2 0.0000 0.0000 0.000 0
     680    6.823  2 0.0000 0.0000 0.000 0
     681    6.833  2 0.0000 0.0000 0.000 0
     682    6.843  2 0.0000 0.0000 0.000 0
     683    6.853  2 0.0000 0.0000 0.000 0
     684    6.863  2 0.0000 0.0000 0.000 0
     685    6.873  2 0.0000 0.0000 0.000 0
     686    6.883  2 0.0000 0.0000 0.000 0
     687    6.893  2 0.0000 0.0000 0.000 0
     688    6.903  2 0.0000 0.0000 0.000 0
     689    6.913  2 0.0000 0.0000 0.000 0
     690    6.923  2 0.0000 0.0000 0.000 0
     691    6.933  2 0.0000 0.0000 0.000 0
     692    6.943  2 0.0000 0.0000 0.000 0
     693    6.953  2 0.0000 0.0000 0.000 0
     694    6.963  2 0.0000 0.0000 0.000 0
     695    6.973  2 0.0000 0.0000 0.000 0
     696    6.983  2 0.0000 0.0000 0.000 0
     697    6.993  2 0.0000 0.0000 0.000 0
     698    7.003  2 0.0000 0.0000 0.000 0
     699    7.013  1 0.0000 0.0000 0.000 0
     700    7.024  1 0.0000 0.0000 0.000 0
     701    7.033  1 0.0000 0.0000 0.000 0
     702    7.044  1 0.0000 0.0000 0.000 0
     703    7.053  1 0.0000 0.0000 0.000 0
     704    7.063  1 0.0000 0.0000 0.000 0
     705    7.074  1 0.0000 0.0000 0.000 0
     706    7.084  1 0.0000 0.0000 0.000 0
     707    7.094  1 0.0000 0.0000 0.000 0
     708    7.104  1 0.0000 0.0000 0.000 0
     709    7.114  1 0.0000 0.0000 0.000 0
     710    7.124  1 0.0000 0.0000 0.000 0
     711    7.134  1 0.0000 0.0000 0.000 0
     712    7.143  1 0.0000 0.0000 0.000 0
     713    7.153  1 0.0000 0.0000 0.000 0
     714    7.163  1 0.0000 0.0000 0.000 0
     715    7.173  1 0.0000 0.0000 0.000 0
     716    7.184  1 0.0000 0.0000 0.000 0
     717    7.194  1 0.0000 0.0000 0.000 0
     718    7.204  1 0.0000 0.0000 0.000 0
     719    7.214  1 0.0000 0.0000 0.000 0
     720    7.224  1 0.0000 0.0000 0.000 0
     721    7.234  1 0.0000 0.0000 0.000 0
     722    7.244  1 0.0000 0.0000 0.000 0
     723    7.254  1 0.0000 0.0000 0.000 0
     724    7.264  1 0.0000 0.0000 0.000 0
     725    7.274  1 0.0000 0.0000 0.000 0
     726    7.284  1 0.0000 0.0000 0.000 0
     727    7.294  1 0.0000 0.0000 0.000 0
     728    7.304  1 0.0000 0.0000 0.000 0
     729    7.314  1 0.0000 0.0000 0.000 0
     730    7.324  1 0.0000 0.0000 0.000 0
     731    7.334  1 0.0000 0.0000 0.000 0
     732    7.344  1 0.0000 0.0000 0.000 0
     733    7.354  1 0.0000 0.0000 0.000 0
     734    7.364  1 0.0000 0.0000 0.000 0
     735    7.374  1 0.0000 0.0000 0.000 0
     736    7.384  1 0.0000 0.0000 0.000 0
     737    7.394  1 0.0000 0.0000 0.000 0
     738    7.404  1 0.0000 0.0000 0.000 0
     739    7.414  1 0.0000 0.0000 0.000 0
     740    7.424  1 0.0000 0.0000 0.000 0
     741    7.434  1 0.0000 0.0000 0.000 0
     742    7.444  1 0.0000 0.0000 0.000 0
     743    7.454  1 0.0000 0.0000 0.000 0
     744    7.464  1 0.0000 0.0000 0.000 0
     745    7.474  1 0.0000 0.0000 0.000 0
     746    7.484  1 0.0000 0.0000 0.000 0
     747    7.494  1 0.0000 0.0000 0.000 0
     748    7.504  1 0.0000 0.0000 0.000 0
     749    7.514  1 0.0000 0.0000 0.000 0
     750    7.524  1 0.0000 0.0000 0.000 0
     751    7.534  1 0.0000 0.0000 0.000 0
     752    7.545  1 0.0000 0.0000 0.000 0
     753    7.554  1 0.0000 0.0000 0.000 0
     754    7.564  1 0.0000 0.0000 0.000 0
     755    7.574  1 0.0000 0.0000 0.000 0
     756    7.584  1 0.0000 0.0000 0.000 0
     757    7.594  1 0.0000 0.0000 0.000 0
     758    7.604  1 0.0000 0.0000 0.000 0
     759    7.614  1 0.0000 0.0000 0.000 0
     760    7.624  1 0.0000 0.0000 0.000 0
     761    7.634  1 0.0000 0.0000 0.000 0
     762    7.644  1 0.0000 0.0000 0.000 0
     763    7.654  1 0.0000 0.0000 0.000 0
     764    7.664  1 0.0000 0.0000 0.000 0
     765    7.674  1 0.0000 0.0000 0.000 0
     766    7.684  1 0.0000 0.0000 0.000 0
     767    7.694  1 0.0000 0.0000 0.000 0
     768    7.704  1 0.0000 0.0000 0.000 0
     769    7.714  1 0.0000 0.0000 0.000 0
     770    7.724  1 0.0000 0.0000 0.000 0
     771    7.734  1 0.0000 0.0000 0.000 0
     772    7.744  1 0.0000 0.0000 0.000 0
     773    7.754  1 0.0000 0.0000 0.000 0
     774    7.764  1 0.0000 0.0000 0.000 0
     775    7.774  1 0.0000 0.0000 0.000 0
     776    7.784  1 0.0000 0.0000 0.000 0
     777    7.794  1 0.0000 0.0000 0.000 0
     778    7.804  1 0.0000 0.0000 0.000 0
     779    7.814  1 0.0000 0.0000 0.000 0
     780    7.824  1 0.0000 0.0000 0.000 0
     781    7.834  1 0.0000 0.0000 0.000 0
     782    7.844  1 0.0000 0.0000 0.000 0
     783    7.854  1 0.0000 0.0000 0.000 0
     784    7.864  1 0.0000 0.0000 0.000 0
     785    7.874  1 0.0000 0.0000 0.000 0
     786    7.884  1 0.0000 0.0000 0.000 0
     787    7.894  1 0.0000 0.0000 0.000 0
     788    7.904  1 0.0000 0.0000 0.000 0
     789    7.914  1 0.0000 0.0000 0.000 0
     790    7.924  1 0.0000 0.0000 0.000 0
     791    7.934  1 0.0000 0.0000 0.000 0
     792    7.944  1 0.0000 0.0000 0.000 0
     793    7.954  1 0.0000 0.0000 0.000 0
     794    7.964  1 0.0000 0.0000 0.000 0
     795    7.974  1 0.0000 0.0000 0.000 0
     796    7.984  1 0.0000 0.0000 0.000 0
     797    7.994  1 0.0000 0.0000 0.000 0
     798    8.004  1 0.0000 0.0000 0.000 0
     799    8.014  1 0.0000 0.0000 0.000 0
     800    8.024  1 0.0000 0.0000 0.000 0
     801    8.034  1 0.0000 0.0000 0.000 0
     802    8.044  1 0.0000 0.0000 0.000 0
     803    8.054  1 0.0000 0.0000 0.000 0
     804    8.064  1 0.0000 0.0000 0.000 0
     805    8.074  1 0.0000 0.0000 0.000 0
     806    8.084  1 0.0000 0.0000 0.000 0
     807    8.094  1 0.0000 0.0000 0.000 0
     808    8.104  1 0.0000 0.0000 0.000 0
     809    8.114  1 0.0000 0.0000 0.000 0
     810    8.124  1 0.0000 0.0000 0.000 0
     811    8.134  1 0.0000 0.0000 0.000 0
     812    8.144  1 0.0000 0.0000 0.000 0
     813    8.154  1 0.0000 0.0000 0.000 0
     814    8.164  1 0.0000 0.0000 0.000 0
     815    8.174  1 0.0000 0.0000 0.000 0
     816    8.184  1 0.0000 0.0000 0.000 0
     817    8.194  1 0.0000 0.0000 0.000 0
     818    8.204  1 0.0000 0.0000 0.000 0
     819    8.214  1 0.0000 0.0000 0.000 0
     820    8.224  1 0.0000 0.0000 0.000 0
     821    8.234  1 0.0000 0.0000 0.000 0
     822    8.244  1 0.0000 0.0000 0.000 0
     823    8.254  1 0.0000 0.0000 0.000 0
     824    8.264  1 0.0000 0.0000 0.000 0
     825    8.274  1 0.0000 0.0000 0.000 0
     826    8.284  1 0.0000 0.0000 0.000 0
     827    8.294  1 0.0000 0.0000 0.000 0
     828    8.304  1 0.0000 0.0000 0.000 0
     829    8.314  1 0.0000 0.0000 0.000 0
     830    8.324  1 0.0000 0.0000 0.000 0
     831    8.334  1 0.0000 0.0000 0.000 0
     832    8.344  1 0.0000 0.0000 0.000 0
     833    8.355  1 0.0000 0.0000 0.000 0
     834    8.365  1 0.0000 0.0000 0.000 0
     835    8.374  1 0.0000 0.0000 0.000 0
     836    8.384  1 0.0000 0.0000 0.000 0
     837    8.395  1 0.0000 0.0000 0.000 0
     838    8.405  1 0.0000 0.0000 0.000 0
     839    8.415  1 0.0000 0.0000 0.000 0
     840    8.425  1 0.0000 0.0000 0.000 0
     841    8.435  1 0.0000 0.0000 0.000 0
     842    8.445  1 0.0000 0.0000 0.000 0
     843    8.455  1 0.0000 0.0000 0.000 0
     844    8.465  1 0.0000 0.0000 0.000 0
     845    8.475  1 0.0000 0.0000 0.000 0
     846    8.485  1 0.0000 0.0000 0.000 0
     847    8.495  1 0.0000 0.0000 0.000 0
     848    8.505  1 0.0000 0.0000 0.000 0
     849    8.515  1 0.0000 0.0000 0.000 0
     850    8.525  1 0.0000 0.0000 0.000 0
     851    8.535  1 0.0000 0.0000 0.000 0
     852    8.545  1 0.0000 0.0000 0.000 0
     853    8.555  1 0.0000 0.0000 0.000 0
     854    8.565  1 0.0000 0.0000 0.000 0
     855    8.575  1 0.0000 0.0000 0.000 0
     856    8.585  1 0.0000 0.0000 0.000 0
     857    8.595  1 0.0000 0.0000 0.000 0
     858    8.605  1 0.0000 0.0000 0.000 0
     859    8.615  1 0.0000 0.0000 0.000 0
     860    8.625  1 0.0000 0.0000 0.000 0
     861    8.635  1 0.0000 0.0000 0.000 0
     862    8.645  1 0.0000 0.0000 0.000 0
     863    8.655  1 0.0000 0.0000 0.000 0
     864    8.665  1 0.0000 0.0000 0.000 0
     865    8.675  1 0.0000 0.0000 0.000 0
     866    8.685  1 0.0000 0.0000 0.000 0
     867    8.695  1 0.0000 0.0000 0.000 0
     868    8.705  1 0.0000 0.0000 0.000 0
     869    8.715  1 0.0000 0.0000 0.000 0
     870    8.725  1 0.0000 0.0000 0.000 0
     871    8.735  1 0.0000 0.0000 0.000 0
     872    8.745  1 0.0000 0.0000 0.000 0
     873    8.755  1 0.0000 0.0000 0.000 0
     874    8.765  1 0.0000 0.0000 0.000 0
     875    8.775  1 0.0000 0.0000 0.000 0
     876    8.785  1 0.0000 0.0000 0.000 0
     877    8.795  1 0.0000 0.0000 0.000 0
     878    8.805  1 0.0000 0.0000 0.000 0
     879    8.815  1 0.0000 0.0000 0.000 0
     880    8.825  1 0.0000 0.0000 0.000 0
     881    8.835  1 0.0000 0.0000 0.000 0
     882    8.845  1 0.0000 0.0000 0.000 0
     883    8.855  1 0.0000 0.0000 0.000 0
     884    8.865  1 0.0000 0.0000 0.000 0
     885    8.875  1 0.0000 0.0000 0.000 0
     886    8.885  1 0.0000 0.0000 0.000 0
     887    8.895  1 0.0000 0.0000 0.000 0
     888    8.905  1 0.0000 0.0000 0.000 0
     889    8.915  1 0.0000 0.0000 0.000 0
     890    8.925  1 0.0000 0.0000 0.000 0
     891    8.935  1 0.0000 0.0000 0.000 0
     892    8.945  1 0.0000 0.0000 0.000 0
     893    8.955  1 0.0000 0.0000 0.000 0
     894    8.965  1 0.0000 0.0000 0.000 0
     895    8.975  1 0.0000 0.0000 0.000 0
     896    8.985  1 0.0000 0.0000 0.000 0
     897    8.995  1 0.0000 0.0000 0.000 0
     898    9.005  1 0.0000 0.0000 0.000 0
     899    9.015  1 0.0000 0.0000 0.000 0
     900    9.025  1 0.0000 0.0000 0.000 0
     901    9.035  1 0.0000 0.0000 0.000 0
     902    9.045  1 0.0000 0.0000 0.000 0
     903    9.055  1 0.0000 0.0000 0.000 0
     904    9.065  1 0.0000 0.0000 0.000 0
     905    9.075  1 0.0000 0.0000 0.000 0
     906    9.085  1 0.0000 0.0000 0.000 0
     907    9.095  1 0.0000 0.0000 0.000 0
     908    9.105  1 0.0000 0.0000 0.000 0
     909    9.115  1 0.0000 0.0000 0.000 0
     910    9.125  1 0.0000 0.0000 0.000 0
     911    9.135  1 0.0000 0.0000 0.000 0
     912    9.145  1 0.0000 0.0000 0.000 0
     913    9.155  1 0.0000 0.0000 0.000 0
     914    9.165  1 0.0000 0.0000 0.000 0
     915    9.175  1 0.0000 0.0000 0.000 0
     916    9.185  1 0.0000 0.0000 0.000 0
     917    9.195  1 0.0000 0.0000 0.000 0
     918    9.205  1 0.0000 0.0000 0.000 0
     919    9.215  1 0.0000 0.0000 0.000 0
     920    9.225  1 0.0000 0.0000 0.000 0
     921    9.235  1 0.0000 0.0000 0.000 0
     922    9.245  1 0.0000 0.0000 0.000 0
     923    9.255  1 0.0000 0.0000 0.000 0
     924    9.265  1 0.0000 0.0000 0.000 0
     925    9.275  1 0.0000 0.0000 0.000 0
     926    9.285  1 0.0000 0.0000 0.000 0
     927    9.295  1 0.0000 0.0000 0.000 0
     928    9.305  1 0.0000 0.0000 0.000 0
     929    9.315  1 0.0000 0.0000 0.000 0
     930    9.325  1 0.0000 0.0000 0.000 0
     931    9.335  1 0.0000 0.0000 0.000 0
     932    9.345  1 0.0000 0.0000 0.000 0
     933    9.355  1 0.0000 0.0000 0.000 0
     934    9.365  1 0.0000 0.0000 0.000 0
     935    9.375  1 0.0000 0.0000 0.000 0
     936    9.385  1 0.0000 0.0000 0.000 0
     937    9.395  1 0.0000 0.0000 0.000 0
     938    9.405  1 0.0000 0.0000 0.000 0
     939    9.415  1 0.0000 0.0000 0.000 0
     940    9.425  1 0.0000 0.0000 0.000 0
     941    9.435  1 0.0000 0.0000 0.000 0
     942    9.445  1 0.0000 0.0000 0.000 0
     943    9.455  1 0.0000 0.0000 0.000 0
     944    9.465  1 0.0000 0.0000 0.000 0
     945    9.475  1 0.0000 0.0000 0.000 0
     946    9.485  1 0.0000 0.0000 0.000 0
     947    9.495  1 0.0000 0.0000 0.000 0
     948    9.505  1 0.0000 0.0000 0.000 0
     949    9.515  1 0.0000 0.0000 0.000 0
     950    9.525  1 0.0000 0.0000 0.000 0
     951    9.535  1 0.0000 0.0000 0.000 0
     952    9.545  1 0.0000 0.0000 0.000 0
     953    9.555  1 0.0000 0.0000 0.000 0
     954    9.565  1 0.0000 0.0000 0.000 0
     955    9.575  1 0.0000 0.0000 0.000 0
     956    9.585  1 0.0000 0.0000 0.000 0
     957    9.595  1 0.0000 0.0000 0.000 0
     958    9.605  1 0.0000 0.0000 0.000 0
     959    9.615  1 0.0000 0.0000 0.000 0
     960    9.625  1 0.0000 0.0000 0.000 0
     961    9.635  1 0.0000 0.0000 0.000 0
     962    9.645  1 0.0000 0.0000 0.000 0
     963    9.655  1 0.0000 0.0000 0.000 0
     964    9.665  1 0.0000 0.0000 0.000 0
     965    9.675  1 0.0000 0.0000 0.000 0
     966    9.685  1 0.0000 0.0000 0.000 0
     967    9.695  1 0.0000 0.0000 0.000 0
     968    9.705  1 0.0000 0.0000 0.000 0
     969    9.715  1 0.0000 0.0000 0.000 0
     970    9.725  1 0.0000 0.0000 0.000 0
     971    9.735  1 0.0000 0.0000 0.000 0
     972    9.745  1 0.0000 0.0000 0.000 0
     973    9.755  1 0.0000 0.0000 0.000 0
     974    9.765  1 0.0000 0.0000 0.000 0
     975    9.775  1 0.0000 0.0000 0.000 0
     976    9.785  1 0.0000 0.0000 0.000 0
     977    9.795  1 0.0000 0.0000 0.000 0
     978    9.805  1 0.0000 0.0000 0.000 0
     979    9.815  1 0.0000 0.0000 0.000 0
     980    9.825  1 0.0000 0.0000 0.000 0
     981    9.835  1 0.0000 0.0000 0.000 0
     982    9.845  1 0.0000 0.0000 0.000 0
     983    9.855  1 0.0000 0.0000 0.000 0
     984    9.865  1 0.0000 0.0000 0.000 0
     985    9.875  1 0.0000 0.0000 0.000 0
     986    9.885  1 0.0000 0.0000 0.000 0
     987    9.895  1 0.0000 0.0000 0.000 0
     988    9.905  1 0.0000 0.0000 0.000 0
     989    9.915  1 0.0000 0.0000 0.000 0
     990    9.925  1 0.0000 0.0000 0.000 0
     991    9.935  1 0.0000 0.0000 0.000 0
     992    9.945  1 0.0000 0.0000 0.000 0
     993    9.955  1 0.0000 0.0000 0.000 0
     994    9.966  1 0.0000 0.0000 0.000 0
     995    9.976  1 0.0000 0.0000 0.000 0
     996    9.986  1 0.0000 0.0000 0.000 0
     997    9.996  1 0.0000 0.0000 0.000 0
     998   10.006  1 0.0000 0.0000 0.000 0
     999   10.016  4 0.0000 0.0000 0.000 0
    1000   10.026  4 0.0000 0.0000 0.000 0
    1001   10.036  4 0.0000 0.0000 0.000 0
    1002   10.046  4 0.0000 0.0000 0.000 0
    1003   10.056  4 0.0000 0.0000 0.000 0
    1004   10.066  4 0.0000 0.0000 0.000 0
    1005   10.076  4 0.0000 0.0000 0.000 0
    1006   10.086  4 0.0000 0.0000 0.000 0
    1007   10.096  4 0.0000 0.0000 0.000 0
    1008   10.106  4 0.0000 0.0000 0.000 0
    1009   10.116  4 0.0000 0.0000 0.000 0
    1010   10.126  4 0.0000 0.0000 0.000 0
    1011   10.136  4 0.0000 0.0000 0.000 0
    1012   10.146  4 0.0000 0.0000 0.000 0
    1013   10.156  4 0.0000 0.0000 0.000 0
    1014   10.166  4 0.0000 0.0000 0.000 0
    1015   10.176  4 0.0000 0.0000 0.000 0
    1016   10.186  4 0.0000 0.0000 0.000 0
    1017   10.196  4 0.0000 0.0000 0.000 0
    1018   10.206  4 0.0000 0.0000 0.000 0
    1019   10.216  4 0.0000 0.0000 0.000 0
    1020   10.226  4 0.0000 0.0000 0.000 0
    1021   10.236  4 0.0000 0.0000 0.000 0
    1022   10.246  4 0.0000 0.0000 0.000 0
    1023   10.256  4 0.0000 0.0000 0.000 0
    1024   10.266  4 0.0000 0.0000 0.000 0
    1025   10.276  4 0.0000 0.0000 0.000 0
    1026   10.286  4 0.0000 0.0000 0.000 0
    1027   10.296  4 0.0000 0.0000 0.000 0
    1028   10.306  4 0.0000 0.0000 0.000 0
    1029   10.316  4 0.0000 0.0000 0.000 0
    1030   10.326  4 0.0000 0.0000 0.000 0
    1031   10.336  4 0.0000 0.0000 0.000 0
    1032   10.346  4 0.0000 0.0000 0.000 0
    1033   10.356  4 0.0000 0.0000 0.000 0
    1034   10.366  4 0.0000 0.0000 0.000 0
    1035   10.376  4 0.0000 0.0000 0.000 0
    1036   10.386  4 0.0000 0.0000 0.000 0
    1037   10.396  4 0.0000 0.0000 0.000 0
    1038   10.406  4 0.0000 0.0000 0.000 0
    1039   10.416  4 0.0000 0.0000 0.000 0
    1040   10.426  4 0.0000 0.0000 0.000 0
    1041   10.436  4 0.0000 0.0000 0.000 0
    1042   10.446  4 0.0000 0.0000 0.000 0
    1043   10.456  4 0.0000 0.0000 0.000 0
    1044   10.466  4 0.0000 0.0000 0.000 0
    1045   10.476  4 0.0000 0.0000 0.000 0
    1046   10.486  4 0.0000 0.0000 0.000 0
    1047   10.496  4 0.0000 0.0000 0.000 0
    1048   10.506  4 0.0000 0.0000 0.000 0
    1049   10.516  4 0.0000 0.0000 0.000 0
    1050   10.526  4 0.0000 0.0000 0.000 0
    1051   10.536  4 0.0000 0.0000 0.000 0
    1052   10.546  4 0.0000 0.0000 0.000 0
    1053   10.556  4 0.0000 0.0000 0.000 0
    1054   10.566  4 0.0000 0.0000 0.000 0
    1055   10.576  4 0.0000 0.0000 0.000 0
    1056   10.586  4 0.0000 0.0000 0.000 0
    1057   10.596  4 0.0000 0.0000 0.000 0
    1058   10.606  4 0.0000 0.0000 0.000 0
    1059   10.616  4 0.0000 0.0000 0.000 0
    1060   10.626  4 0.0000 0.0000 0.000 0
    1061   10.636  4 0.0000 0.0000 0.000 0
    1062   10.646  4 0.0000 0.0000 0.000 0
    1063   10.656  4 0.0000 0.0000 0.000 0
    1064   10.666  4 0.0000 0.0000 0.000 0
    1065   10.676  4 0.0000 0.0000 0.000 0
    1066   10.686  4 0.0000 0.0000 0.000 0
    1067   10.696  4 0.0000 0.0000 0.000 0
    1068   10.706  4 0.0000 0.0000 0.000 0
    1069   10.716  4 0.0000 0.0000 0.000 0
    1070   10.726  4 0.0000 0.0000 0.000 0
    1071   10.736  4 0.0000 0.0000 0.000 0
    1072   10.746  4 0.0000 0.0000 0.000 0
    1073   10.756  4 0.0000 0.0000 0.000 0
    1074   10.766  4 0.0000 0.0000 0.000 0
    1075   10.776  4 0.0000 0.0000 0.000 0
    1076   10.786  4 0.0000 0.0000 0.000 0
    1077   10.796  4 0.0000 0.0000 0.000 0
    1078   10.806  4 0.0000 0.0000 0.000 0
    1079   10.816  4 0.0000 0.0000 0.000 0
    1080   10.826  4 0.0000 0.0000 0.000 0
    1081   10.836  4 0.0000 0.0000 0.000 0
    1082   10.846  4 0.0000 0.0000 0.000 0
    1083   10.856  4 0.0000 0.0000 0.000 0
    1084   10.866  4 0.0000 0.0000 0.000 0
    1085   10.876  4 0.0000 0.0000 0.000 0
    1086   10.886  4 0.0000 0.0000 0.000 0
    1087   10.896  4 0.0000 0.0000 0.000 0
    1088   10.906  4 0.0000 0.0000 0.000 0
    1089   10.916  4 0.0000 0.0000 0.000 0
    1090   10.926  4 0.0000 0.0000 0.000 0
    1091   10.936  4 0.0000 0.0000 0.000 0
    1092   10.946  4 0.0000 0.0000 0.000 0
    1093   10.956  4 0.0000 0.0000 0.000 0
    1094   10.966  4 0.0000 0.0000 0.000 0
    1095   10.976  4 0.0000 0.0000 0.000 0
    1096   10.986  4 0.0000 0.0000 0.000 0
    1097   10.996  4 0.0000 0.0000 0.000 0
    1098   11.006  4 0.0000 0.0000 0.000 0
    1099   11.016  4 0.0000 0.0000 0.000 0
    1100   11.026  4 0.0000 0.0000 0.000 0
    1101   11.036  4 0.0000 0.0000 0.000 0
    1102   11.046  4 0.0000 0.0000 0.000 0
    1103   11.056  4 0.0000 0.0000 0.000 0
    1104   11.066  4 0.0000 0.0000 0.000 0
    1105   11.076  4 0.0000 0.0000 0.000 0
    1106   11.086  4 0.0000 0.0000 0.000 0
    1107   11.096  4 0.0000 0.0000 0.000 0
    1108   11.106  4 0.0000 0.0000 0.000 0
    1109   11.116  4 0.0000 0.0000 0.000 0
    1110   11.126  4 0.0000 0.0000 0.000 0
    1111   11.136  4 0.0000 0.0000 0.000 0
    1112   11.146  4 0.0000 0.0000 0.000 0
    1113   11.156  4 0.0000 0.0000 0.000 0
    1114   11.166  4 0.0000 0.0000 0.000 0
    1115   11.176  4 0.0000 0.0000 0.000 0
    1116   11.186  4 0.0000 0.0000 0.000 0
    1117   11.196  4 0.0000 0.0000 0.000 0
    1118   11.206  4 0.0000 0.0000 0.000 0
    1119   11.216  4 0.0000 0.0000 0.000 0
    1120   11.226  4 0.0000 0.0000 0.000 0
    1121   11.236  4 0.0000 0.0000 0.000 0
    1122   11.246  4 0.0000 0.0000 0.000 0
    1123   11.256  4 0.0000 0.0000 0.000 0
    1124   11.266  4 0.0000 0.0000 0.000 0
    1125   11.276  4 0.0000 0.0000 0.000 0
    1126   11.286  4 0.0000 0.0000 0.000 0
    1127   11.296  4 0.0000 0.0000 0.000 0
    1128   11.307  4 0.0000 0.0000 0.000 0
    1129   11.316  4 0.0000 0.0000 0.000 0
    1130   11.326  4 0.0000 0.0000 0.000 0
    1131   11.336  4 0.0000 0.0000 0.000 0
    1132   11.346  4 0.0000 0.0000 0.000 0
    1133   11.356  4 0.0000 0.0000 0.000 0
    1134   11.366  4 0.0000 0.0000 0.000 0
    1135   11.376  4 0.0000 0.0000 0.000 0
    1136   11.386  4 0.0000 0.0000 0.000 0
    1137   11.396  4 0.0000 0.0000 0.000 0
    1138   11.406  4 0.0000 0.0000 0.000 0
    1139   11.417  4 0.0000 0.0000 0.000 0
    1140   11.427  4 0.0000 0.0000 0.000 0
    1141   11.436  4 0.0000 0.0000 0.000 0
    1142   11.447  4 0.0000 0.0000 0.000 0
    1143   11.457  4 0.0000 0.0000 0.000 0
    1144   11.467  4 0.0000 0.0000 0.000 0
    1145   11.477  4 0.0000 0.0000 0.000 0
    1146   11.487  4 0.0000 0.0000 0.000 0
    1147   11.497  4 0.0000 0.0000 0.000 0
    1148   11.507  4 0.0000 0.0000 0.000 0
    1149   11.517  4 0.0000 0.0000 0.000 0
    1150   11.527  4 0.0000 0.0000 0.000 0
    1151   11.537  4 0.0000 0.0000 0.000 0
    1152   11.547  4 0.0000 0.0000 0.000 0
    1153   11.557  4 0.0000 0.0000 0.000 0
    1154   11.567  4 0.0000 0.0000 0.000 0
    1155   11.577  4 0.0000 0.0000 0.000 0
    1156   11.587  4 0.0000 0.0000 0.000 0
    1157   11.597  4 0.0000 0.0000 0.000 0
    1158   11.607  4 0.0000 0.0000 0.000 0
    1159   11.617  4 0.0000 0.0000 0.000 0
    1160   11.627  4 0.0000 0.0000 0.000 0
    1161   11.637  4 0.0000 0.0000 0.000 0
    1162   11.647  4 0.0000 0.0000 0.000 0
    1163   11.657  4 0.0000 0.0000 0.000 0
    1164   11.667  4 0.0000 0.0000 0.000 0
    1165   11.677  4 0.0000 0.0000 0.000 0
    1166   11.687  4 0.0000 0.0000 0.000 0
    1167   11.697  4 0.0000 0.0000 0.000 0
    1168   11.707  4 0.0000 0.0000 0.000 0
    1169   11.717  4 0.0000 0.0000 0.000 0
    1170   11.727  4 0.0000 0.0000 0.000 0
    1171   11.737  4 0.0000 0.0000 0.000 0
    1172   11.747  4 0.0000 0.0000 0.000 0
    1173   11.757  4 0.0000 0.0000 0.000 0
    1174   11.767  4 0.0000 0.0000 0.000 0
    1175   11.777  4 0.0000 0.0000 0.000 0
    1176   11.787  4 0.0000 0.0000 0.000 0
    1177   11.797  4 0.0000 0.0000 0.000 0
    1178   11.807  4 0.0000 0.0000 0.000 0
    1179   11.817  4 0.0000 0.0000 0.000 0
    1180   11.827  4 0.0000 0.0000 0.000 0
    1181   11.837  4 0.0000 0.0000 0.000 0
    1182   11.847  4 0.0000 0.0000 0.000 0
    1183   11.857  4 0.0000 0.0000 0.000 0
    1184   11.867  4 0.0000 0.0000 0.000 0
    1185   11.877  4 0.0000 0.0000 0.000 0
    1186   11.887  4 0.0000 0.0000 0.000 0
    1187   11.897  4 0.0000 0.0000 0.000 0
    1188   11.907  4 0.0000 0.0000 0.000 0
    1189   11.917  4 0.0000 0.0000 0.000 0
    1190   11.927  4 0.0000 0.0000 0.000 0
    1191   11.937  4 0.0000 0.0000 0.000 0
    1192   11.947  4 0.0000 0.0000 0.000 0
    1193   11.957  4 0.0000 0.0000 0.000 0
    1194   11.967  4 0.0000 0.0000 0.000 0
    1195   11.977  4 0.0000 0.0000 0.000 0
    1196   11.987  4 0.0000 0.0000 0.000 0
    1197   11.997  4 0.0000 0.0000 0.000 0
    1198   12.007  4 0.0000 0.0000 0.000 0
    1199   12.017  4 0.0000 0.0000 0.000 0
    1200   12.027  4 0.0000 0.0000 0.000 0
    1201   12.037  4 0.0000 0.0000 0.000 0
    1202   12.047  4 0.0000 0.0000 0.000 0
    1203   12.057  4 0.0000 0.0000 0.000 0
    1204   12.067  4 0.0000 0.0000 0.000 0
    1205   12.077  4 0.0000 0.0000 0.000 0
    1206   12.087  4 0.0000 0.0000 0.000 0
    1207   12.097  4 0.0000 0.0000 0.000 0
    1208   12.107  4 0.0000 0.0000 0.000 0
    1209   12.117  4 0.0000 0.0000 0.000 0
    1210   12.127  4 0.0000 0.0000 0.000 0
    1211   12.137  4 0.0000 0.0000 0.000 0
    1212   12.147  4 0.0000 0.0000 0.000 0
    1213   12.157  4 0.0000 0.0000 0.000 0
    1214   12.167  4 0.0000 0.0000 0.000 0
    1215   12.177  4 0.0000 0.0000 0.000 0
    1216   12.187  4 0.0000 0.0000 0.000 0
    1217   12.197  4 0.0000 0.0000 0.000 0
    1218   12.207  4 0.0000 0.0000 0.000 0
    1219   12.217  4 0.0000 0.0000 0.000 0
    1220   12.227  4 0.0000 0.0000 0.000 0
    1221   12.237  4 0.0000 0.0000 0.000 0
    1222   12.247  4 0.0000 0.0000 0.000 0
    1223   12.257  4 0.0000 0.0000 0.000 0
    1224   12.267  4 0.0000 0.0000 0.000 0
    1225   12.277  4 0.0000 0.0000 0.000 0
    1226   12.287  4 0.0000 0.0000 0.000 0
    1227   12.297  4 0.0000 0.0000 0.000 0
    1228   12.307  4 0.0000 0.0000 0.000 0
    1229   12.317  4 0.0000 0.0000 0.000 0
    1230   12.327  4 0.0000 0.0000 0.000 0
    1231   12.337  4 0.0000 0.0000 0.000 0
    1232   12.347  4 0.0000 0.0000 0.000 0
    1233   12.357  4 0.0000 0.0000 0.000 0
    1234   12.367  4 0.0000 0.0000 0.000 0
    1235   12.377  4 0.0000 0.0000 0.000 0
    1236   12.387  4 0.0000 0.0000 0.000 0
    1237   12.397  4 0.0000 0.0000 0.000 0
    1238   12.407  4 0.0000 0.0000 0.000 0
    1239   12.417  4 0.0000 0.0000 0.000 0
    1240   12.427  4 0.0000 0.0000 0.000 0
    1241   12.437  4 0.0000 0.0000 0.000 0
    1242   12.447  4 0.0000 0.0000 0.000 0
    1243   12.457  4 0.0000 0.0000 0.000 0
    1244   12.467  4 0.0000 0.0000 0.000 0
    1245   12.477  4 0.0000 0.0000 0.000 0
    1246   12.487  4 0.0000 0.0000 0.000 0
    1247   12.497  4 0.0000 0.0000 0.000 0
    1248   12.507  4 0.0000 0.0000 0.000 0
    1249   12.517  4 0.0000 0.0000 0.000 0
    1250   12.527  4 0.0000 0.0000 0.000 0
    1251   12.537  4 0.0000 0.0000 0.000 0
    1252   12.547  4 0.0000 0.0000 0.000 0
    1253   12.557  4 0.0000 0.0000 0.000 0
    1254   12.567  4 0.0000 0.0000 0.000 0
    1255   12.577  4 0.0000 0.0000 0.000 0
    1256   12.587  4 0.0000 0.0000 0.000 0
    1257   12.597  4 0.0000 0.0000 0.000 0
    1258   12.607  4 0.0000 0.0000 0.000 0
    1259   12.617  4 0.0000 0.0000 0.000 0
    1260   12.627  4 0.0000 0.0000 0.000 0
    1261   12.637  4 0.0000 0.0000 0.000 0
    1262   12.647  4 0.0000 0.0000 0.000 0
    1263   12.657  4 0.0000 0.0000 0.000 0
    1264   12.667  4 0.0000 0.0000 0.000 0
    1265   12.677  4 0.0000 0.0000 0.000 0
    1266   12.687  4 0.0000 0.0000 0.000 0
    1267   12.697  4 0.0000 0.0000 0.000 0
    1268   12.707  4 0.0000 0.0000 0.000 0
    1269   12.717  4 0.0000 0.0000 0.000 0
    1270   12.727  4 0.0000 0.0000 0.000 0
    1271   12.737  4 0.0000 0.0000 0.000 0
    1272   12.747  4 0.0000 0.0000 0.000 0
    1273   12.757  4 0.0000 0.0000 0.000 0
    1274   12.767  4 0.0000 0.0000 0.000 0
    1275   12.777  4 0.0000 0.0000 0.000 0
    1276   12.787  4 0.0000 0.0000 0.000 0
    1277   12.797  4 0.0000 0.0000 0.000 0
    1278   12.807  4 0.0000 0.0000 0.000 0
    1279   12.817  4 0.0000 0.0000 0.000 0
    1280   12.827  4 0.0000 0.0000 0.000 0
    1281   12.837  4 0.0000 0.0000 0.000 0
    1282   12.847  4 0.0000 0.0000 0.000 0
    1283   12.857  4 0.0000 0.0000 0.000 0
    1284   12.867  4 0.0000 0.0000 0.000 0
    1285   12.877  4 0.0000 0.0000 0.000 0
    1286   12.887  4 0.0000 0.0000 0.000 0
    1287   12.897  4 0.0000 0.0000 0.000 0
    1288   12.907  4 0.0000 0.0000 0.000 0
    1289   12.917  4 0.0000 0.0000 0.000 0
    1290   12.927  4 0.0000 0.0000 0.000 0
    1291   12.937  4 0.0000 0.0000 0.000 0
    1292   12.947  4 0.0000 0.0000 0.000 0
    1293   12.957  4 0.0000 0.0000 0.000 0
    1294   12.968  4 0.0000 0.0000 0.000 0
    1295   12.978  4 0.0000 0.0000 0.000 0
    1296   12.988  4 0.0000 0.0000 0.000 0
    1297   12.998  4 0.0000 0.0000 0.000 0
    1298   13.008  4 0.0000 0.0000 0.000 0
    1299   13.018  3 0.0000 0.0000 0.000 0
    1300   13.028  3 0.0000 0.0000 0.000 0
    1301   13.038  3 0.0000 0.0000 0.000 0
    1302   13.048  3 0.0000 0.0000 0.000 0
    1303   13.058  3 0.0000 0.0000 0.000 0
    1304   13.068  3 0.0000 0.0000 0.000 0
    1305   13.078  3 0.0000 0.0000 0.000 0
    1306   13.088  3 0.0000 0.0000 0.000 0
    1307   13.098  3 0.0000 0.0000 0.000 0
    1308   13.108  3 0.0000 0.0000 0.000 0
    1309   13.118  3 0.0000 0.0000 0.000 0
    1310   13.128  3 0.0000 0.0000 0.000 0
    1311   13.138  3 0.0000 0.0000 0.000 0
    1312   13.148  3 0.0000 0.0000 0.000 0
    1313   13.158  3 0.0000 0.0000 0.000 0
    1314   13.168  3 0.0000 0.0000 0.000 0
    1315   13.178  3 0.0000 0.0000 0.000 0
    1316   13.188  3 0.0000 0.0000 0.000 0
    1317   13.198  3 0.0000 0.0000 0.000 0
    1318   13.208  3 0.0000 0.0000 0.000 0
    1319   13.218  3 0.0000 0.0000 0.000 0
    1320   13.228  3 0.0000 0.0000 0.000 0
    1321   13.238  3 0.0000 0.0000 0.000 0
    1322   13.248  3 0.0000 0.0000 0.000 0
    1323   13.258  3 0.0000 0.0000 0.000 0
    1324   13.268  3 0.0000 0.0000 0.000 0
    1325   13.278  3 0.0000 0.0000 0.000 0
    1326   13.288  3 0.0000 0.0000 0.000 0
    1327   13.298  3 0.0000 0.0000 0.000 0
    1328   13.308  3 0.0000 0.0000 0.000 0
    1329   13.318  3 0.0000 0.0000 0.000 0
    1330   13.328  3 0.0000 0.0000 0.000 0
    1331   13.338  3 0.0000 0.0000 0.000 0
    1332   13.348  3 0.0000 0.0000 0.000 0
    1333   13.358  3 0.0000 0.0000 0.000 0
    1334   13.368  3 0.0000 0.0000 0.000 0
    1335   13.378  3 0.0000 0.0000 0.000 0
    1336   13.388  3 0.0000 0.0000 0.000 0
    1337   13.398  3 0.0000 0.0000 0.000 0
    1338   13.408  3 0.0000 0.0000 0.000 0
    1339   13.418  3 0.0000 0.0000 0.000 0
    1340   13.428  3 0.0000 0.0000 0.000 0
    1341   13.438  3 0.0000 0.0000 0.000 0
    1342   13.448  3 0.0000 0.0000 0.000 0
    1343   13.458  3 0.0000 0.0000 0.000 0
    1344   13.468  3 0.0000 0.0000 0.000 0
    1345   13.478  3 0.0000 0.0000 0.000 0
    1346   13.488  3 0.0000 0.0000 0.000 0
    1347   13.498  3 0.0000 0.0000 0.000 0
    1348   13.508  3 0.0000 0.0000 0.000 0
    1349   13.518  3 0.0000 0.0000 0.000 0
    1350   13.528  3 0.0000 0.0000 0.000 0
    1351   13.538  3 0.0000 0.0000 0.000 0
    1352   13.548  3 0.0000 0.0000 0.000 0
    1353   13.558  3 0.0000 0.0000 0.000 0
    1354   13.568  3 0.0000 0.0000 0.000 0
    1355   13.578  3 0.0000 0.0000 0.000 0
    1356   13.588  3 0.0000 0.0000 0.000 0
    1357   13.598  3 0.0000 0.0000 0.000 0
    1358   13.608  3 0.0000 0.0000 0.000 0
    1359   13.618  3 0.0000 0.0000 0.000 0
    1360   13.628  3 0.0000 0.0000 0.000 0
    1361   13.638  3 0.0000 0.0000 0.000 0
    1362   13.648  3 0.0000 0.0000 0.000 0
    1363   13.658  3 0.0000 0.0000 0.000 0
    1364   13.668  3 0.0000 0.0000 0.000 0
    1365   13.678  3 0.0000 0.0000 0.000 0
    1366   13.688  3 0.0000 0.0000 0.000 0
    1367   13.698  3 0.0000 0.0000 0.000 0
    1368   13.708  3 0.0000 0.0000 0.000 0
    1369   13.718  3 0.0000 0.0000 0.000 0
    1370   13.728  3 0.0000 0.0000 0.000 0
    1371   13.738  3 0.0000 0.0000 0.000 0
    1372   13.748  3 0.0000 0.0000 0.000 0
    1373   13.758  3 0.0000 0.0000 0.000 0
    1374   13.768  3 0.0000 0.0000 0.000 0
    1375   13.778  3 0.0000 0.0000 0.000 0
    1376   13.788  3 0.0000 0.0000 0.000 0
    1377   13.798  3 0.0000 0.0000 0.000 0
    1378   13.808  3 0.0000 0.0000 0.000 0
    1379   13.818  3 0.0000 0.0000 0.000 0
    1380   13.828  3 0.0000 0.0000 0.000 0
    1381   13.838  3 0.0000 0.0000 0.000 0
    1382   13.848  3 0.0000 0.0000 0.000 0
    1383   13.858  3 0.0000 0.0000 0.000 0
    1384   13.868  3 0.0000 0.0000 0.000 0
    1385   13.878  3 0.0000 0.0000 0.000 0
    1386   13.888  3 0.0000 0.0000 0.000 0
    1387   13.898  3 0.0000 0.0000 0.000 0
    1388   13.908  3 0.0000 0.0000 0.000 0
    1389   13.918  3 0.0000 0.0000 0.000 0
    1390   13.928  3 0.0000 0.0000 0.000 0
    1391   13.938  3 0.0000 0.0000 0.000 0
    1392   13.948  3 0.0000 0.0000 0.000 0
    1393   13.958  3 0.0000 0.0000 0.000 0
    1394   13.968  3 0.0000 0.0000 0.000 0
    1395   13.978  3 0.0000 0.0000 0.000 0
    1396   13.988  3 0.0000 0.0000 0.000 0
    1397   13.998  3 0.0000 0.0000 0.000 0
    1398   14.008  3 0.0000 0.0000 0.000 0
    1399   14.018  3 0.0000 0.0000 0.000 0
    1400   14.028  3 0.0000 0.0000 0.000 0
    1401   14.038  3 0.0000 0.0000 0.000 0
    1402   14.048  3 0.0000 0.0000 0.000 0
    1403   14.058  3 0.0000 0.0000 0.000 0
    1404   14.068  3 0.0000 0.0000 0.000 0
    1405   14.078  3 0.0000 0.0000 0.000 0
    1406   14.088  3 0.0000 0.0000 0.000 0
    1407   14.098  3 0.0000 0.0000 0.000 0
    1408   14.108  3 0.0000 0.0000 0.000 0
    1409   14.118  3 0.0000 0.0000 0.000 0
    1410   14.128  3 0.0000 0.0000 0.000 0
    1411   14.138  3 0.0000 0.0000 0.000 0
    1412   14.148  3 0.0000 0.0000 0.000 0
    1413   14.158  3 0.0000 0.0000 0.000 0
    1414   14.168  3 0.0000 0.0000 0.000 0
    1415   14.178  3 0.0000 0.0000 0.000 0
    1416   14.188  3 0.0000 0.0000 0.000 0
    1417   14.198  3 0.0000 0.0000 0.000 0
    1418   14.208  3 0.0000 0.0000 0.000 0
    1419   14.218  3 0.0000 0.0000 0.000 0
    1420   14.228  3 0.0000 0.0000 0.000 0
    1421   14.238  3 0.0000 0.0000 0.000 0
    1422   14.248  3 0.0000 0.0000 0.000 0
    1423   14.258  3 0.0000 0.0000 0.000 0
    1424   14.268  3 0.0000 0.0000 0.000 0
    1425   14.278  3 0.0000 0.0000 0.000 0
    1426   14.288  3 0.0000 0.0000 0.000 0
    1427   14.298  3 0.0000 0.0000 0.000 0
    1428   14.308  3 0.0000 0.0000 0.000 0
    1429   14.318  3 0.0000 0.0000 0.000 0
    1430   14.328  3 0.0000 0.0000 0.000 0
    1431   14.338  3 0.0000 0.0000 0.000 0
    1432   14.348  3 0.0000 0.0000 0.000 0
    1433   14.358  3 0.0000 0.0000 0.000 0
    1434   14.368  3 0.0000 0.0000 0.000 0
    1435   14.378  3 0.0000 0.0000 0.000 0
    1436   14.388  3 0.0000 0.0000 0.000 0
    1437   14.398  3 0.0000 0.0000 0.000 0
    1438   14.408  3 0.0000 0.0000 0.000 0
    1439   14.418  3 0.0000 0.0000 0.000 0
    1440   14.428  3 0.0000 0.0000 0.000 0
    1441   14.438  3 0.0000 0.0000 0.000 0
    1442   14.448  3 0.0000 0.0000 0.000 0
    1443   14.458  3 0.0000 0.0000 0.000 0
    1444   14.469  3 0.0000 0.0000 0.000 0
    1445   14.479  3 0.0000 0.0000 0.000 0
    1446   14.489  3 0.0000 0.0000 0.000 0
    1447   14.499  3 0.0000 0.0000 0.000 0
    1448   14.509  3 0.0000 0.0000 0.000 0
    1449   14.519  3 0.0000 0.0000 0.000 0
    1450   14.529  3 0.0000 0.0000 0.000 0
    1451   14.539  3 0.0000 0.0000 0.000 0
    1452   14.549  3 0.0000 0.0000 0.000 0
    1453   14.559  3 0.0000 0.0000 0.000 0
    1454   14.569  3 0.0000 0.0000 0.000 0
    1455   14.579  3 0.0000 0.0000 0.000 0
    1456   14.589  3 0.0000 0.0000 0.000 0
    1457   14.599  3 0.0000 0.0000 0.000 0
    1458   14.609  3 0.0000 0.0000 0.000 0
    1459   14.619  3 0.0000 0.0000 0.000 0
    1460   14.629  3 0.0000 0.0000 0.000 0
    1461   14.639  3 0.0000 0.0000 0.000 0
    1462   14.649  3 0.0000 0.0000 0.000 0
    1463   14.659  3 0.0000 0.0000 0.000 0
    1464   14.669  3 0.0000 0.0000 0.000 0
    1465   14.679  3 0.0000 0.0000 0.000 0
    1466   14.689  3 0.0000 0.0000 0.000 0
    1467   14.699  3 0.0000 0.0000 0.000 0
    1468   14.709  3 0.0000 0.0000 0.000 0
    1469   14.719  3 0.0000 0.0000 0.000 0
    1470   14.729  3 0.0000 0.0000 0.000 0
    1471   14.739  3 0.0000 0.0000 0.000 0
    1472   14.749  3 0.0000 0.0000 0.000 0
    1473   14.759  3 0.0000 0.0000 0.000 0
    1474   14.769  3 0.0000 0.0000 0.000 0
    1475   14.779  3 0.0000 0.0000 0.000 0
    1476   14.789  3 0.0000 0.0000 0.000 0
    1477   14.799  3 0.0000 0.0000 0.000 0
    1478   14.809  3 0.0000 0.0000 0.000 0
    1479   14.819  3 0.0000 0.0000 0.000 0
    1480   14.829  3 0.0000 0.0000 0.000 0
    1481   14.839  3 0.0000 0.0000 0.000 0
    1482   14.849  3 0.0000 0.0000 0.000 0
    1483   14.859  3 0.0000 0.0000 0.000 0
    1484   14.869  3 0.0000 0.0000 0.000 0
    1485   14.879  3 0.0000 0.0000 0.000 0
    1486   14.889  3 0.0000 0.0000 0.000 0
    1487   14.899  3 0.0000 0.0000 0.000 0
    1488   14.909  3 0.0000 0.0000 0.000 0
    1489   14.919  3 0.0000 0.0000 0.000 0
    1490   14.929  3 0.0000 0.0000 0.000 0
    1491   14.939  3 0.0000 0.0000 0.000 0
    1492   14.949  3 0.0000 0.0000 0.000 0
    1493   14.959  3 0.0000 0.0000 0.000 0
    1494   14.969  3 0.0000 0.0000 0.000 0
    1495   14.979  3 0.0000 0.0000 0.000 0
    1496   14.989  3 0.0000 0.0000 0.000 0
    1497   14.999  3 0.0000 0.0000 0.000 0
    1498   15.009  3 0.0000 0.0000 0.000 0
    1499   15.019  3 0.0000 0.0000 0.000 0
    1500   15.029  3 0.0000 0.0000 0.000 0
    1501   15.039  3 0.0000 0.0000 0.000 0
    1502   15.049  3 0.0000 0.0000 0.000 0
    1503   15.059  3 0.0000 0.0000 0.000 0
    1504   15.069  3 0.0000 0.0000 0.000 0
    1505   15.079  3 0.0000 0.0000 0.000 0
    1506   15.089  3 0.0000 0.0000 0.000 0
    1507   15.099  3 0.0000 0.0000 0.000 0
    1508   15.109  3 0.0000 0.0000 0.000 0
    1509   15.119  3 0.0000 0.0000 0.000 0
    1510   15.129  3 0.0000 0.0000 0.000 0
    1511   15.139  3 0.0000 0.0000 0.000 0
    1512   15.149  3 0.0000 0.0000 0.000 0
    1513   15.159  3 0.0000 0.0000 0.000 0
    1514   15.169  3 0.0000 0.0000 0.000 0
    1515   15.179  3 0.0000 0.0000 0.000 0
    1516   15.189  3 0.0000 0.0000 0.000 0
    1517   15.199  3 0.0000 0.0000 0.000 0
    1518   15.209  3 0.0000 0.0000 0.000 0
    1519   15.219  3 0.0000 0.0000 0.000 0
    1520   15.229  3 0.0000 0.0000 0.000 0
    1521   15.239  3 0.0000 0.0000 0.000 0
    1522   15.249  3 0.0000 0.0000 0.000 0
    1523   15.259  3 0.0000 0.0000 0.000 0
    1524   15.269  3 0.0000 0.0000 0.000 0
    1525   15.279  3 0.0000 0.0000 0.000 0
    1526   15.289  3 0.0000 0.0000 0.000 0
    1527   15.299  3 0.0000 0.0000 0.000 0
    1528   15.309  3 0.0000 0.0000 0.000 0
    1529   15.319  3 0.0000 0.0000 0.000 0
    1530   15.329  3 0.0000 0.0000 0.000 0
    1531   15.339  3 0.0000 0.0000 0.000 0
    1532   15.349  3 0.0000 0.0000 0.000 0
    1533   15.359  3 0.0000 0.0000 0.000 0
    1534   15.369  3 0.0000 0.0000 0.000 0
    1535   15.379  3 0.0000 0.0000 0.000 0
    1536   15.389  3 0.0000 0.0000 0.000 0
    1537   15.399  3 0.0000 0.0000 0.000 0
    1538   15.409  3 0.0000 0.0000 0.000 0
    1539   15.419  3 0.0000 0.0000 0.000 0
    1540   15.429  3 0.0000 0.0000 0.000 0
    1541   15.439  3 0.0000 0.0000 0.000 0
    1542   15.449  3 0.0000 0.0000 0.000 0
    1543   15.459  3 0.0000 0.0000 0.000 0
    1544   15.469  3 0.0000 0.0000 0.000 0
    1545   15.479  3 0.0000 0.0000 0.000 0
    1546   15.489  3 0.0000 0.0000 0.000 0
    1547   15.499  3 0.0000 0.0000 0.000 0
    1548   15.509  3 0.0000 0.0000 0.000 0
    1549   15.519  3 0.0000 0.0000 0.000 0
    1550   15.529  3 0.0000 0.0000 0.000 0
    1551   15.539  3 0.0000 0.0000 0.000 0
    1552   15.549  3 0.0000 0.0000 0.000 0
    1553   15.559  3 0.0000 0.0000 0.000 0
    1554   15.569  3 0.0000 0.0000 0.000 0
    1555   15.579  3 0.0000 0.0000 0.000 0
    1556   15.589  3 0.0000 0.0000 0.000 0
    1557   15.599  3 0.0000 0.0000 0.000 0
    1558   15.609  3 0.0000 0.0000 0.000 0
    1559   15.619  3 0.0000 0.0000 0.000 0
    1560   15.629  3 0.0000 0.0000 0.000 0
    1561   15.639  3 0.0000 0.0000 0.000 0
    1562   15.649  3 0.0000 0.0000 0.000 0
    1563   15.659  3 0.0000 0.0000 0.000 0
    1564   15.669  3 0.0000 0.0000 0.000 0
    1565   15.679  3 0.0000 0.0000 0.000 0
    1566   15.689  3 0.0000 0.0000 0.000 0
    1567   15.699  3 0.0000 0.0000 0.000 0
    1568   15.709  3 0.0000 0.0000 0.000 0
    1569   15.719  3 0.0000 0.0000 0.000 0
    1570   15.729  3 0.0000 0.0000 0.000 0
    1571   15.739  3 0.0000 0.0000 0.000 0
    1572   15.749  3 0.0000 0.0000 0.000 0
    1573   15.759  3 0.0000 0.0000 0.000 0
    1574   15.769  3 0.0000 0.0000 0.000 0
    1575   15.779  3 0.0000 0.0000 0.000 0
    1576   15.789  3 0.0000 0.0000 0.000 0
    1577   15.799  3 0.0000 0.0000 0.000 0
    1578   15.809  3 0.0000 0.0000 0.000 0
    1579   15.819  3 0.0000 0.0000 0.000 0
    1580   15.829  3 0.0000 0.0000 0.000 0
    1581   15.839  3 0.0000 0.0000 0.000 0
    1582   15.849  3 0.0000 0.0000 0.000 0
    1583   15.859  3 0.0000 0.0000 0.000 0
    1584   15.869  3 0.0000 0.0000 0.000 0
    1585   15.879  3 0.0000 0.0000 0.000 0
    1586   15.889  3 0.0000 0.0000 0.000 0
    1587   15.899  3 0.0000 0.0000 0.000 0
    1588   15.909  3 0.0000 0.0000 0.000 0
    1589   15.920  3 0.0000 0.0000 0.000 0
    1590   15.930  3 0.0000 0.0000 0.000 0
    1591   15.940  3 0.0000 0.0000 0.000 0
    1592   15.950  3 0.0000 0.0000 0.000 0
    1593   15.960  3 0.0000 0.0000 0.000 0
    1594   15.970  3 0.0000 0.0000 0.000 0
    1595   15.980  3 0.0000 0.0000 0.000 0
    1596   15.990  3 0.0000 0.0000 0.000 0
    1597   16.000  3 0.0000 0.0000 0.000 0
    1598   16.010  3 0.0000 0.0000 0.000 0
    1599   16.020  2 0.0000 0.0000 0.000 0
    1600   16.030  2 0.0000 0.0000 0.000 0
    1601   16.040  2 0.0000 0.0000 0.000 0
    1602   16.050  2 0.0000 0.0000 0.000 0
    1603   16.060  2 0.0000 0.0000 0.000 0
    1604   16.070  2 0.0000 0.0000 0.000 0
    1605   16.080  2 0.0000 0.0000 0.000 0
    1606   16.090  2 0.0000 0.0000 0.000 0
    1607   16.100  2 0.0000 0.0000 0.000 0
    1608   16.110  2 0.0000 0.0000 0.000 0
    1609   16.120  2 0.0000 0.0000 0.000 0
    1610   16.130  2 0.0000 0.0000 0.000 0
    1611   16.140  2 0.0000 0.0000 0.000 0
    1612   16.150  2 0.0000 0.0000 0.000 0
    1613   16.160  2 0.0000 0.0000 0.000 0
    1614   16.170  2 0.0000 0.0000 0.000 0
    1615   16.180  2 0.0000 0.0000 0.000 0
    1616   16.190  2 0.0000 0.0000 0.000 0
    1617   16.200  2 0.0000 0.0000 0.000 0
    1618   16.210  2 0.0000 0.0000 0.000 0
    1619   16.220  2 0.0000 0.0000 0.000 0
    1620   16.230  2 0.0000 0.0000 0.000 0
    1621   16.240  2 0.0000 0.0000 0.000 0
    1622   16.250  2 0.0000 0.0000 0.000 0
    1623   16.260  2 0.0000 0.0000 0.000 0
    1624   16.270  2 0.0000 0.0000 0.000 0
    1625   16.280  2 0.0000 0.0000 0.000 0
    1626   16.290  2 0.0000 0.0000 0.000 0
    1627   16.300  2 0.0000 0.0000 0.000 0
    1628   16.310  2 0.0000 0.0000 0.000 0
    1629   16.320  2 0.0000 0.0000 0.000 0
    1630   16.330  2 0.0000 0.0000 0.000 0
    1631   16.340  2 0.0000 0.0000 0.000 0
    1632   16.350  2 0.0000 0.0000 0.000 0
    1633   16.360  2 0.0000 0.0000 0.000 0
    1634   16.370  2 0.0000 0.0000 0.000 0
    1635   16.380  2 0.0000 0.0000 0.000 0
    1636   16.390  2 0.0000 0.0000 0.000 0
    1637   16.400  2 0.0000 0.0000 0.000 0
    1638   16.410  2 0.0000 0.0000 0.000 0
    1639   16.420  2 0.0000 0.0000 0.000 0
    1640   16.430  2 0.0000 0.0000 0.000 0
    1641   16.440  2 0.0000 0.0000 0.000 0
    1642   16.450  2 0.0000 0.0000 0.000 0
    1643   16.460  2 0.0000 0.0000 0.000 0
    1644   16.470  2 0.0000 0.0000 0.000 0
    1645   16.480  2 0.0000 0.0000 0.000 0
    1646   16.490  2 0.0000 0.0000 0.000 0
    1647   16.500  2 0.0000 0.0000 0.000 0
    1648   16.510  2 0.0000 0.0000 0.000 0
    1649   16.520  2 0.0000 0.0000 0.000 0
    1650   16.530  2 0.0000 0.0000 0.000 0
    1651   16.540  2 0.0000 0.0000 0.000 0
    1652   16.550  2 0.0000 0.0000 0.000 0
    1653   16.560  2 0.0000 0.0000 0.000 0
    1654   16.570  2 0.0000 0.0000 0.000 0
    1655   16.580  2 0.0000 0.0000 0.000 0
    1656   16.590  2 0.0000 0.0000 0.000 0
    1657   16.600  2 0.0000 0.0000 0.000 0
    1658   16.610  2 0.0000 0.0000 0.000 0
    1659   16.620  2 0.0000 0.0000 0.000 0
    1660   16.630  2 0.0000 0.0000 0.000 0
    1661   16.640  2 0.0000 0.0000 0.000 0
    1662   16.650  2 0.0000 0.0000 0.000 0
    1663   16.660  2 0.0000 0.0000 0.000 0
    1664   16.670  2 0.0000 0.0000 0.000 0
    1665   16.680  2 0.0000 0.0000 0.000 0
    1666   16.690  2 0.0000 0.0000 0.000 0
    1667   16.700  2 0.0000 0.0000 0.000 0
    1668   16.710  2 0.0000 0.0000 0.000 0
    1669   16.720  2 0.0000 0.0000 0.000 0
    1670   16.730  2 0.0000 0.0000 0.000 0
    1671   16.740  2 0.0000 0.0000 0.000 0
    1672   16.750  2 0.0000 0.0000 0.000 0
    1673   16.760  2 0.0000 0.0000 0.000 0
    1674   16.770  2 0.0000 0.0000 0.000 0
    1675   16.780  2 0.0000 0.0000 0.000 0
    1676   16.790  2 0.0000 0.0000 0.000 0
    1677   16.800  2 0.0000 0.0000 0.000 0
    1678   16.810  2 0.0000 0.0000 0.000 0
    1679   16.820  2 0.0000 0.0000 0.000 0
    1680   16.830  2 0.0000 0.0000 0.000 0
    1681   16.840  2 0.0000 0.0000 0.000 0
    1682   16.850  2 0.0000 0.0000 0.000 0
    1683   16.860  2 0.0000 0.0000 0.000 0
    1684   16.870  2 0.0000 0.0000 0.000 0
    1685   16.880  2 0.0000 0.0000 0.000 0
    1686   16.890  2 0.0000 0.0000 0.000 0
    1687   16.900  2 0.0000 0.0000 0.000 0
    1688   16.910  2 0.0000 0.0000 0.000 0
    1689   16.920  2 0.0000 0.0000 0.000 0
    1690   16.930  2 0.0000 0.0000 0.000 0
    1691   16.940  2 0.0000 0.0000 0.000 0
    1692   16.950  2 0.0000 0.0000 0.000 0
    1693   16.960  2 0.0000 0.0000 0.000 0
    1694   16.970  2 0.0000 0.0000 0.000 0
    1695   16.980  2 0.0000 0.0000 0.000 0
    1696   16.990  2 0.0000 0.0000 0.000 0
    1697   17.000  2 0.0000 0.0000 0.000 0
    1698   17.010  2 0.0000 0.0000 0.000 0
    1699   17.020  2 0.0000 0.0000 0.000 0
    1700   17.030  2 0.0000 0.0000 0.000 0
    1701   17.040  2 0.0000 0.0000 0.000 0
    1702   17.050  2 0.0000 0.0000 0.000 0
    1703   17.060  2 0.0000 0.0000 0.000 0
    1704   17.070  2 0.0000 0.0000 0.000 0
    1705   17.080  2 0.0000 0.0000 0.000 0
    1706   17.090  2 0.0000 0.0000 0.000 0
    1707   17.100  2 0.0000 0.0000 0.000 0
    1708   17.110  2 0.0000 0.0000 0.000 0
    1709   17.120  2 0.0000 0.0000 0.000 0
    1710   17.130  2 0.0000 0.0000 0.000 0
    1711   17.140  2 0.0000 0.0000 0.000 0
    1712   17.150  2 0.0000 0.0000 0.000 0
    1713   17.160  2 0.0000 0.0000 0.000 0
    1714   17.170  2 0.0000 0.0000 0.000 0
    1715   17.181  2 0.0000 0.0000 0.000 0
    1716   17.190  2 0.0000 0.0000 0.000 0
    1717   17.200  2 0.0000 0.0000 0.000 0
    1718   17.211  2 0.0000 0.0000 0.000 0
    1719   17.221  2 0.0000 0.0000 0.000 0
    1720   17.231  2 0.0000 0.0000 0.000 0
    1721   17.241  2 0.0000 0.0000 0.000 0
    1722   17.250  2 0.0000 0.0000 0.000 0
    1723   17.260  2 0.0000 0.0000 0.000 0
    1724   17.271  2 0.0000 0.0000 0.000 0
    1725   17.280  2 0.0000 0.0000 0.000 0
    1726   17.290  2 0.0000 0.0000 0.000 0
    1727   17.301  2 0.0000 0.0000 0.000 0
    1728   17.311  2 0.0000 0.0000 0.000 0
    1729   17.321  2 0.0000 0.0000 0.000 0
    1730   17.331  2 0.0000 0.0000 0.000 0
    1731   17.341  2 0.0000 0.0000 0.000 0
    1732   17.351  2 0.0000 0.0000 0.000 0
    1733   17.361  2 0.0000 0.0000 0.000 0
    1734   17.371  2 0.0000 0.0000 0.000 0
    1735   17.381  2 0.0000 0.0000 0.000 0
    1736   17.391  2 0.0000 0.0000 0.000 0
    1737   17.401  2 0.0000 0.0000 0.000 0
    1738   17.411  2 0.0000 0.0000 0.000 0
    1739   17.421  2 0.0000 0.0000 0.000 0
    1740   17.431  2 0.0000 0.0000 0.000 0
    1741   17.441  2 0.0000 0.0000 0.000 0
    1742   17.451  2 0.0000 0.0000 0.000 0
    1743   17.461  2 0.0000 0.0000 0.000 0
    1744   17.471  2 0.0000 0.0000 0.000 0
    1745   17.481  2 0.0000 0.0000 0.000 0
    1746   17.491  2 0.0000 0.0000 0.000 0
    1747   17.501  2 0.0000 0.0000 0.000 0
    1748   17.511  2 0.0000 0.0000 0.000 0
    1749   17.521  2 0.0000 0.0000 0.000 0
    1750   17.531  2 0.0000 0.0000 0.000 0
    1751   17.541  2 0.0000 0.0000 0.000 0
    1752   17.551  2 0.0000 0.0000 0.000 0
    1753   17.561  2 0.0000 0.0000 0.000 0
    1754   17.571  2 0.0000 0.0000 0.000 0
    1755   17.581  2 0.0000 0.0000 0.000 0
    1756   17.591  2 0.0000 0.0000 0.000 0
    1757   17.601  2 0.0000 0.0000 0.000 0
    1758   17.611  2 0.0000 0.0000 0.000 0
    1759   17.621  2 0.0000 0.0000 0.000 0
    1760   17.631  2 0.0000 0.0000 0.000 0
    1761   17.641  2 0.0000 0.0000 0.000 0
    1762   17.651  2 0.0000 0.0000 0.000 0
    1763   17.661  2 0.0000 0.0000 0.000 0
    1764   17.671  2 0.0000 0.0000 0.000 0
    1765   17.681  2 0.0000 0.0000 0.000 0
    1766   17.691  2 0.0000 0.0000 0.000 0
    1767   17.701  2 0.0000 0.0000 0.000 0
    1768   17.711  2 0.0000 0.0000 0.000 0
    1769   17.721  2 0.0000 0.0000 0.000 0
    1770   17.731  2 0.0000 0.0000 0.000 0
    1771   17.741  2 0.0000 0.0000 0.000 0
    1772   17.751  2 0.0000 0.0000 0.000 0
    1773   17.761  2 0.0000 0.0000 0.000 0
    1774   17.771  2 0.0000 0.0000 0.000 0
    1775   17.781  2 0.0000 0.0000 0.000 0
    1776   17.791  2 0.0000 0.0000 0.000 0
    1777   17.801  2 0.0000 0.0000 0.000 0
    1778   17.811  2 0.0000 0.0000 0.000 0
    1779   17.821  2 0.0000 0.0000 0.000 0
    1780   17.831  2 0.0000 0.0000 0.000 0
    1781   17.841  2 0.0000 0.0000 0.000 0
    1782   17.851  2 0.0000 0.0000 0.000 0
    1783   17.861  2 0.0000 0.0000 0.000 0
    1784   17.871  2 0.0000 0.0000 0.000 0
    1785   17.881  2 0.0000 0.0000 0.000 0
    1786   17.891  2 0.0000 0.0000 0.000 0
    1787   17.901  2 0.0000 0.0000 0.000 0
    1788   17.911  2 0.0000 0.0000 0.000 0
    1789   17.921  2 0.0000 0.0000 0.000 0
    1790   17.931  2 0.0000 0.0000 0.000 0
    1791   17.941  2 0.0000 0.0000 0.000 0
    1792   17.951  2 0.0000 0.0000 0.000 0
    1793   17.961  2 0.0000 0.0000 0.000 0
    1794   17.971  2 0.0000 0.0000 0.000 0
    1795   17.981  2 0.0000 0.0000 0.000 0
    1796   17.991  2 0.0000 0.0000 0.000 0
    1797   18.001  2 0.0000 0.0000 0.000 0
    1798   18.011  2 0.0000 0.0000 0.000 0
    1799   18.021  2 0.0000 0.0000 0.000 0
    1800   18.031  2 0.0000 0.0000 0.000 0
    1801   18.041  2 0.0000 0.0000 0.000 0
    1802   18.051  2 0.0000 0.0000 0.000 0
    1803   18.061  2 0.0000 0.0000 0.000 0
    1804   18.071  2 0.0000 0.0000 0.000 0
    1805   18.081  2 0.0000 0.0000 0.000 0
    1806   18.091  2 0.0000 0.0000 0.000 0
    1807   18.101  2 0.0000 0.0000 0.000 0
    1808   18.111  2 0.0000 0.0000 0.000 0
    1809   18.121  2 0.0000 0.0000 0.000 0
    1810   18.131  2 0.0000 0.0000 0.000 0
    1811   18.141  2 0.0000 0.0000 0.000 0
    1812   18.151  2 0.0000 0.0000 0.000 0
    1813   18.161  2 0.0000 0.0000 0.000 0
    1814   18.171  2 0.0000 0.0000 0.000 0
    1815   18.181  2 0.0000 0.0000 0.000 0
    1816   18.191  2 0.0000 0.0000 0.000 0
    1817   18.201  2 0.0000 0.0000 0.000 0
    1818   18.211  2 0.0000 0.0000 0.000 0
    1819   18.221  2 0.0000 0.0000 0.000 0
    1820   18.231  2 0.0000 0.0000 0.000 0
    1821   18.241  2 0.0000 0.0000 0.000 0
    1822   18.251  2 0.0000 0.0000 0.000 0
    1823   18.261  2 0.0000 0.0000 0.000 0
    1824   18.271  2 0.0000 0.0000 0.000 0
    1825   18.281  2 0.0000 0.0000 0.000 0
    1826   18.291  2 0.0000 0.0000 0.000 0
    1827   18.301  2 0.0000 0.0000 0.000 0
    1828   18.311  2 0.0000 0.0000 0.000 0
    1829   18.321  2 0.0000 0.0000 0.000 0
    1830   18.331  2 0.0000 0.0000 0.000 0
    1831   18.341  2 0.0000 0.0000 0.000 0
    1832   18.351  2 0.0000 0.0000 0.000 0
    1833   18.361  2 0.0000 0.0000 0.000 0
    1834   18.371  2 0.0000 0.0000 0.000 0
    1835   18.381  2 0.0000 0.0000 0.000 0
    1836   18.391  2 0.0000 0.0000 0.000 0
    1837   18.401  2 0.0000 0.0000 0.000 0
    1838   18.411  2 0.0000 0.0000 0.000 0
    1839   18.421  2 0.0000 0.0000 0.000 0
    1840   18.431  2 0.0000 0.0000 0.000 0
    1841   18.441  2 0.0000 0.0000 0.000 0
    1842   18.451  2 0.0000 0.0000 0.000 0
    1843   18.461  2 0.0000 0.0000 0.000 0
    1844   18.471  2 0.0000 0.0000 0.000 0
    1845   18.481  2 0.0000 0.0000 0.000 0
    1846   18.491  2 0.0000 0.0000 0.000 0
    1847   18.501  2 0.0000 0.0000 0.000 0
    1848   18.511  2 0.0000 0.0000 0.000 0
    1849   18.521  2 0.0000 0.0000 0.000 0
    1850   18.531  2 0.0000 0.0000 0.000 0
    1851   18.541  2 0.0000 0.0000 0.000 0
    1852   18.551  2 0.0000 0.0000 0.000 0
    1853   18.561  2 0.0000 0.0000 0.000 0
    1854   18.571  2 0.0000 0.0000 0.000 0
    1855   18.581  2 0.0000 0.0000 0.000 0
    1856   18.591  2 0.0000 0.0000 0.000 0
    1857   18.601  2 0.0000 0.0000 0.000 0
    1858   18.611  2 0.0000 0.0000 0.000 0
    1859   18.621  2 0.0000 0.0000 0.000 0
    1860   18.631  2 0.0000 0.0000 0.000 0
    1861   18.641  2 0.0000 0.0000 0.000 0
    1862   18.651  2 0.0000 0.0000 0.000 0
    1863   18.661  2 0.0000 0.0000 0.000 0
    1864   18.671  2 0.0000 0.0000 0.000 0
    1865   18.681  2 0.0000 0.0000 0.000 0
    1866   18.691  2 0.0000 0.0000 0.000 0
    1867   18.701  2 0.0000 0.0000 0.000 0
    1868   18.711  2 0.0000 0.0000 0.000 0
    1869   18.721  2 0.0000 0.0000 0.000 0
    1870   18.731  2 0.0000 0.0000 0.000 0
    1871   18.741  2 0.0000 0.0000 0.000 0
    1872   18.751  2 0.0000 0.0000 0.000 0
    1873   18.761  2 0.0000 0.0000 0.000 0
    1874   18.771  2 0.0000 0.0000 0.000 0
    1875   18.781  2 0.0000 0.0000 0.000 0
    1876   18.791  2 0.0000 0.0000 0.000 0
    1877   18.801  2 0.0000 0.0000 0.000 0
    1878   18.811  2 0.0000 0.0000 0.000 0
    1879   18.821  2 0.0000 0.0000 0.000 0
    1880   18.831  2 0.0000 0.0000 0.000 0
    1881   18.841  2 0.0000 0.0000 0.000 0
    1882   18.851  2 0.0000 0.0000 0.000 0
    1883   18.861  2 0.0000 0.0000 0.000 0
    1884   18.871  2 0.0000 0.0000 0.000 0
    1885   18.881  2 0.0000 0.0000 0.000 0
    1886   18.891  2 0.0000 0.0000 0.000 0
    1887   18.902  2 0.0000 0.0000 0.000 0
    1888   18.912  2 0.0000 0.0000 0.000 0
    1889   18.922  2 0.0000 0.0000 0.000 0
    1890   18.932  2 0.0000 0.0000 0.000 0
    1891   18.942  2 0.0000 0.0000 0.000 0
    1892   18.952  2 0.0000 0.0000 0.000 0
    1893   18.962  2 0.0000 0.0000 0.000 0
    1894   18.972  2 0.0000 0.0000 0.000 0
    1895   18.982  2 0.0000 0.0000 0.000 0
    1896   18.992  2 0.0000 0.0000 0.000 0
    1897   19.002  2 0.0000 0.0000 0.000 0
    1898   19.012  2 0.0000 0.0000 0.000 0
    1899   19.022  1 0.0000 0.0000 0.000 0
    1900   19.032  1 0.0000 0.0000 0.000 0
    1901   19.042  1 0.0000 0.0000 0.000 0
    1902   19.052  1 0.0000 0.0000 0.000 0
    1903   19.062  1 0.0000 0.0000 0.000 0
    1904   19.072  1 0.0000 0.0000 0.000 0
    1905   19.082  1 0.0000 0.0000 0.000 0
    1906   19.092  1 0.0000 0.0000 0.000 0
    1907   19.102  1 0.0000 0.0000 0.000 0
    1908   19.112  1 0.0000 0.0000 0.000 0
    1909   19.122  1 0.0000 0.0000 0.000 0
    1910   19.132  1 0.0000 0.0000 0.000 0
    1911   19.142  1 0.0000 0.0000 0.000 0
    1912   19.152  1 0.0000 0.0000 0.000 0
    1913   19.162  1 0.0000 0.0000 0.000 0
    1914   19.172  1 0.0000 0.0000 0.000 0
    1915   19.182  1 0.0000 0.0000 0.000 0
    1916   19.192  1 0.0000 0.0000 0.000 0
    1917   19.202  1 0.0000 0.0000 0.000 0
    1918   19.212  1 0.0000 0.0000 0.000 0
    1919   19.222  1 0.0000 0.0000 0.000 0
    1920   19.232  1 0.0000 0.0000 0.000 0
    1921   19.242  1 0.0000 0.0000 0.000 0
    1922   19.252  1 0.0000 0.0000 0.000 0
    1923   19.262  1 0.0000 0.0000 0.000 0
    1924   19.272  1 0.0000 0.0000 0.000 0
    1925   19.282  1 0.0000 0.0000 0.000 0
    1926   19.292  1 0.0000 0.0000 0.000 0
    1927   19.302  1 0.0000 0.0000 0.000 0
    1928   19.312  1 0.0000 0.0000 0.000 0
    1929   19.322  1 0.0000 0.0000 0.000 0
    1930   19.332  1 0.0000 0.0000 0.000 0
    1931   19.342  1 0.0000 0.0000 0.000 0
    1932   19.352  1 0.0000 0.0000 0.000 0
    1933   19.362  1 0.0000 0.0000 0.000 0
    1934   19.372  1 0.0000 0.0000 0.000 0
    1935   19.382  1 0.0000 0.0000 0.000 0
    1936   19.392  1 0.0000 0.0000 0.000 0
    1937   19.402  1 0.0000 0.0000 0.000 0
    1938   19.412  1 0.0000 0.0000 0.000 0
    1939   19.422  1 0.0000 0.0000 0.000 0
    1940   19.432  1 0.0000 0.0000 0.000 0
    1941   19.442  1 0.0000 0.0000 0.000 0
    1942   19.452  1 0.0000 0.0000 0.000 0
    1943   19.462  1 0.0000 0.0000 0.000 0
    1944   19.472  1 0.0000 0.0000 0.000 0
    1945   19.482  1 0.0000 0.0000 0.000 0
    1946   19.492  1 0.0000 0.0000 0.000 0
    1947   19.502  1 0.0000 0.0000 0.000 0
    1948   19.512  1 0.0000 0.0000 0.000 0
    1949   19.522  1 0.0000 0.0000 0.000 0
    1950   19.532  1 0.0000 0.0000 0.000 0
    1951   19.542  1 0.0000 0.0000 0.000 0
    1952   19.552  1 0.0000 0.0000 0.000 0
    1953   19.562  1 0.0000 0.0000 0.000 0
    1954   19.572  1 0.0000 0.0000 0.000 0
    1955   19.582  1 0.0000 0.0000 0.000 0
    1956   19.592  1 0.0000 0.0000 0.000 0
    1957   19.602  1 0.0000 0.0000 0.000 0
    1958   19.612  1 0.0000 0.0000 0.000 0
    1959   19.622  1 0.0000 0.0000 0.000 0
    1960   19.632  1 0.0000 0.0000 0.000 0
    1961   19.642  1 0.0000 0.0000 0.000 0
    1962   19.652  1 0.0000 0.0000 0.000 0
    1963   19.662  1 0.0000 0.0000 0.000 0
    1964   19.672  1 0.0000 0.0000 0.000 0
    1965   19.682  1 0.0000 0.0000 0.000 0
    1966   19.692  1 0.0000 0.0000 0.000 0
    1967   19.702  1 0.0000 0.0000 0.000 0
    1968   19.712  1 0.0000 0.0000 0.000 0
    1969   19.722  1 0.0000 0.0000 0.000 0
    1970   19.732  1 0.0000 0.0000 0.000 0
    1971   19.742  1 0.0000 0.0000 0.000 0
    1972   19.752  1 0.0000 0.0000 0.000 0
    1973   19.762  1 0.0000 0.0000 0.000 0
    1974   19.772  1 0.0000 0.0000 0.000 0
    1975   19.782  1 0.0000 0.0000 0.000 0
    1976   19.792  1 0.0000 0.0000 0.000 0
    1977   19.802  1 0.0000 0.0000 0.000 0
    1978   19.812  1 0.0000 0.0000 0.000 0
    1979   19.822  1 0.0000 0.0000 0.000 0
    1980   19.832  1 0.0000 0.0000 0.000 0
    1981   19.842  1 0.0000 0.0000 0.000 0
    1982   19.852  1 0.0000 0.0000 0.000 0
    1983   19.862  1 0.0000 0.0000 0.000 0
    1984   19.872  1 0.0000 0.0000 0.000 0
    1985   19.882  1 0.0000 0.0000 0.000 0
    1986   19.892  1 0.0000 0.0000 0.000 0
    1987   19.902  1 0.0000 0.0000 0.000 0
    1988   19.912  1 0.0000 0.0000 0.000 0
    1989   19.922  1 0.0000 0.0000 0.000 0
    1990   19.932  1 0.0000 0.0000 0.000 0
    1991   19.942  1 0.0000 0.0000 0.000 0
    1992   19.952  1 0.0000 0.0000 0.000 0
    1993   19.962  1 0.0000 0.0000 0.000 0
    1994   19.972  1 0.0000 0.0000 0.000 0
    1995   19.982  1 0.0000 0.0000 0.000 0
    1996   19.992  1 0.0000 0.0000 0.000 0
    1997   20.002  1 0.0000 0.0000 0.000 0
    1998   20.012  1 0.0000 0.0000 0.000 0
    1999   20.022  1 0.0000 0.0000 0.000 0
    2000   20.032  1 0.0000 0.0000 0.000 0
    2001   20.042  1 0.0000 0.0000 0.000 0
    2002   20.052  1 0.0000 0.0000 0.000 0
    2003   20.062  1 0.0000 0.0000 0.000 0
    2004   20.072  1 0.0000 0.0000 0.000 0
    2005   20.082  1 0.0000 0.0000 0.000 0
    2006   20.092  1 0.0000 0.0000 0.000 0
    2007   20.102  1 0.0000 0.0000 0.000 0
    2008   20.112  1 0.0000 0.0000 0.000 0
    2009   20.122  1 0.0000 0.0000 0.000 0
    2010   20.132  1 0.0000 0.0000 0.000 0
    2011   20.142  1 0.0000 0.0000 0.000 0
    2012   20.152  1 0.0000 0.0000 0.000 0
    2013   20.162  1 0.0000 0.0000 0.000 0
    2014   20.172  1 0.0000 0.0000 0.000 0
    2015   20.182  1 0.0000 0.0000 0.000 0
    2016   20.192  1 0.0000 0.0000 0.000 0
    2017   20.202  1 0.0000 0.0000 0.000 0
    2018   20.212  1 0.0000 0.0000 0.000 0
    2019   20.222  1 0.0000 0.0000 0.000 0
    2020   20.232  1 0.0000 0.0000 0.000 0
    2021   20.242  1 0.0000 0.0000 0.000 0
    2022   20.253  1 0.0000 0.0000 0.000 0
    2023   20.263  1 0.0000 0.0000 0.000 0
    2024   20.273  1 0.0000 0.0000 0.000 0
    2025   20.283  1 0.0000 0.0000 0.000 0
    2026   20.293  1 0.0000 0.0000 0.000 0
    2027   20.303  1 0.0000 0.0000 0.000 0
    2028   20.313  1 0.0000 0.0000 0.000 0
    2029   20.323  1 0.0000 0.0000 0.000 0
    2030   20.333  1 0.0000 0.0000 0.000 0
    2031   20.343  1 0.0000 0.0000 0.000 0
    2032   20.353  1 0.0000 0.0000 0.000 0
    2033   20.363  1 0.0000 0.0000 0.000 0
    2034   20.373  1 0.0000 0.0000 0.000 0
    2035   20.383  1 0.0000 0.0000 0.000 0
    2036   20.393  1 0.0000 0.0000 0.000 0
    2037   20.403  1 0.0000 0.0000 0.000 0
    2038   20.413  1 0.0000 0.0000 0.000 0
    2039   20.423  1 0.0000 0.0000 0.000 0
    2040   20.433  1 0.0000 0.0000 0.000 0
    2041   20.443  1 0.0000 0.0000 0.000 0
    2042   20.453  1 0.0000 0.0000 0.000 0
    2043   20.463  1 0.0000 0.0000 0.000 0
    2044   20.473  1 0.0000 0.0000 0.000 0
    2045   20.483  1 0.0000 0.0000 0.000 0
    2046   20.493  1 0.0000 0.0000 0.000 0
    2047   20.503  1 0.0000 0.0000 0.000 0
    2048   20.513  1 0.0000 0.0000 0.000 0
    2049   20.523  1 0.0000 0.0000 0.000 0
    2050   20.533  1 0.0000 0.0000 0.000 0
    2051   20.543  1 0.0000 0.0000 0.000 0
    2052   20.553  1 0.0000 0.0000 0.000 0
    2053   20.563  1 0.0000 0.0000 0.000 0
    2054   20.573  1 0.0000 0.0000 0.000 0
    2055   20.583  1 0.0000 0.0000 0.000 0
    2056   20.593  1 0.0000 0.0000 0.000 0
    2057   20.603  1 0.0000 0.0000 0.000 0
    2058   20.613  1 0.0000 0.0000 0.000 0
    2059   20.623  1 0.0000 0.0000 0.000 0
    2060   20.633  1 0.0000 0.0000 0.000 0
    2061   20.643  1 0.0000 0.0000 0.000 0
    2062   20.653  1 0.0000 0.0000 0.000 0
    2063   20.663  1 0.0000 0.0000 0.000 0
    2064   20.673  1 0.0000 0.0000 0.000 0
    2065   20.683  1 0.0000 0.0000 0.000 0
    2066   20.693  1 0.0000 0.0000 0.000 0
    2067   20.703  1 0.0000 0.0000 0.000 0
    2068   20.713  1 0.0000 0.0000 0.000 0
    2069   20.723  1 0.0000 0.0000 0.000 0
    2070   20.733  1 0.0000 0.0000 0.000 0
    2071   20.743  1 0.0000 0.0000 0.000 0
    2072   20.753  1 0.0000 0.0000 0.000 0
    2073   20.763  1 0.0000 0.0000 0.000 0
    2074   20.773  1 0.0000 0.0000 0.000 0
    2075   20.783  1 0.0000 0.0000 0.000 0
    2076   20.793  1 0.0000 0.0000 0.000 0
    2077   20.803  1 0.0000 0.0000 0.000 0
    2078   20.813  1 0.0000 0.0000 0.000 0
    2079   20.823  1 0.0000 0.0000 0.000 0
    2080   20.833  1 0.0000 0.0000 0.000 0
    2081   20.843  1 0.0000 0.0000 0.000 0
    2082   20.853  1 0.0000 0.0000 0.000 0
    2083   20.863  1 0.0000 0.0000 0.000 0
    2084   20.873  1 0.0000 0.0000 0.000 0
    2085   20.883  1 0.0000 0.0000 0.000 0
    2086   20.893  1 0.0000 0.0000 0.000 0
    2087   20.903  1 0.0000 0.0000 0.000 0
    2088   20.913  1 0.0000 0.0000 0.000 0
    2089   20.923  1 0.0000 0.0000 0.000 0
    2090   20.933  1 0.0000 0.0000 0.000 0
    2091   20.943  1 0.0000 0.0000 0.000 0
    2092   20.953  1 0.0000 0.0000 0.000 0
    2093   20.963  1 0.0000 0.0000 0.000 0
    2094   20.973  1 0.0000 0.0000 0.000 0
    2095   20.983  1 0.0000 0.0000 0.000 0
    2096   20.993  1 0.0000 0.0000 0.000 0
    2097   21.003  1 0.0000 0.0000 0.000 0
    2098   21.013  1 0.0000 0.0000 0.000 0
    2099   21.023  1 0.0000 0.0000 0.000 0
    2100   21.033  1 0.0000 0.0000 0.000 0
    2101   21.043  1 0.0000 0.0000 0.000 0
    2102   21.053  1 0.0000 0.0000 0.000 0
    2103   21.063  1 0.0000 0.0000 0.000 0
    2104   21.073  1 0.0000 0.0000 0.000 0
    2105   21.083  1 0.0000 0.0000 0.000 0
    2106   21.093  1 0.0000 0.0000 0.000 0
    2107   21.103  1 0.0000 0.0000 0.000 0
    2108   21.113  1 0.0000 0.0000 0.000 0
    2109   21.123  1 0.0000 0.0000 0.000 0
    2110   21.133  1 0.0000 0.0000 0.000 0
    2111   21.143  1 0.0000 0.0000 0.000 0
    2112   21.153  1 0.0000 0.0000 0.000 0
