C:\Users\Clandininlab\Desktop\2pstim_wNI_LB\Debug\Data\fullfieldcontrast_testing.txt 
       1    0.003  0 0.0000 0.0000 0.000 0
       2    0.009  0 0.0000 0.0000 0.000 0
       3    0.018  0 0.0000 0.0000 0.000 0
       4    0.026  0 0.0000 0.0000 0.000 0
       5    0.034  0 0.0000 0.0000 0.000 0
       6    0.043  0 0.0000 0.0000 0.000 0
       7    0.051  0 0.0000 0.0000 0.000 0
       8    0.059  0 0.0000 0.0000 0.000 0
       9    0.068  0 0.0000 0.0000 0.000 0
      10    0.076  0 0.0000 0.0000 0.000 0
      11    0.084  0 0.0000 0.0000 0.000 0
      12    0.093  0 0.0000 0.0000 0.000 0
      13    0.101  0 0.0000 0.0000 0.000 0
      14    0.109  0 0.0000 0.0000 0.000 0
      15    0.118  0 0.0000 0.0000 0.000 0
      16    0.126  0 0.0000 0.0000 0.000 0
      17    0.134  0 0.0000 0.0000 0.000 0
      18    0.142  0 0.0000 0.0000 0.000 0
      19    0.151  0 0.0000 0.0000 0.000 0
      20    0.159  0 0.0000 0.0000 0.000 0
      21    0.167  0 0.0000 0.0000 0.000 0
      22    0.176  0 0.0000 0.0000 0.000 0
      23    0.184  0 0.0000 0.0000 0.000 0
      24    0.192  0 0.0000 0.0000 0.000 0
      25    0.201  0 0.0000 0.0000 0.000 0
      26    0.209  0 0.0000 0.0000 0.000 0
      27    0.218  0 0.0000 0.0000 0.000 0
      28    0.226  0 0.0000 0.0000 0.000 0
      29    0.234  0 0.0000 0.0000 0.000 0
      30    0.242  0 0.0000 0.0000 0.000 0
      31    0.251  0 0.0000 0.0000 0.000 0
      32    0.259  0 0.0000 0.0000 0.000 0
      33    0.267  0 0.0000 0.0000 0.000 0
      34    0.276  0 0.0000 0.0000 0.000 0
      35    0.284  0 0.0000 0.0000 0.000 0
      36    0.292  0 0.0000 0.0000 0.000 0
      37    0.301  0 0.0000 0.0000 0.000 0
      38    0.309  0 0.0000 0.0000 0.000 0
      39    0.318  0 0.0000 0.0000 0.000 0
      40    0.326  0 0.0000 0.0000 0.000 0
      41    0.334  0 0.0000 0.0000 0.000 0
      42    0.342  0 0.0000 0.0000 0.000 0
      43    0.351  0 0.0000 0.0000 0.000 0
      44    0.359  0 0.0000 0.0000 0.000 0
      45    0.367  0 0.0000 0.0000 0.000 0
      46    0.376  0 0.0000 0.0000 0.000 0
      47    0.384  0 0.0000 0.0000 0.000 0
      48    0.392  0 0.0000 0.0000 0.000 0
      49    0.401  0 0.0000 0.0000 0.000 0
      50    0.409  0 0.0000 0.0000 0.000 0
      51    0.417  0 0.0000 0.0000 0.000 0
      52    0.426  0 0.0000 0.0000 0.000 0
      53    0.434  0 0.0000 0.0000 0.000 0
      54    0.442  0 0.0000 0.0000 0.000 0
      55    0.451  0 0.0000 0.0000 0.000 0
      56    0.459  0 0.0000 0.0000 0.000 0
      57    0.467  0 0.0000 0.0000 0.000 0
      58    0.476  0 0.0000 0.0000 0.000 0
      59    0.484  0 0.0000 0.0000 0.000 0
      60    0.492  0 0.0000 0.0000 0.000 0
      61    0.501  2 0.0000 0.0000 0.000 0
      62    0.509  2 0.0000 0.0000 0.000 0
      63    0.517  2 0.0000 0.0000 0.000 0
      64    0.526  2 0.0000 0.0000 0.000 0
      65    0.534  2 0.0000 0.0000 0.000 0
      66    0.542  2 0.0000 0.0000 0.000 0
      67    0.551  2 0.0000 0.0000 0.000 0
      68    0.559  2 0.0000 0.0000 0.000 0
      69    0.567  2 0.0000 0.0000 0.000 0
      70    0.576  2 0.0000 0.0000 0.000 0
      71    0.584  2 0.0000 0.0000 0.000 0
      72    0.592  2 0.0000 0.0000 0.000 0
      73    0.601  2 0.0000 0.0000 0.000 0
      74    0.609  2 0.0000 0.0000 0.000 0
      75    0.617  2 0.0000 0.0000 0.000 0
      76    0.626  2 0.0000 0.0000 0.000 0
      77    0.634  2 0.0000 0.0000 0.000 0
      78    0.642  2 0.0000 0.0000 0.000 0
      79    0.651  2 0.0000 0.0000 0.000 0
      80    0.659  2 0.0000 0.0000 0.000 0
      81    0.667  2 0.0000 0.0000 0.000 0
      82    0.676  2 0.0000 0.0000 0.000 0
      83    0.684  2 0.0000 0.0000 0.000 0
      84    0.692  2 0.0000 0.0000 0.000 0
      85    0.701  2 0.0000 0.0000 0.000 0
      86    0.709  2 0.0000 0.0000 0.000 0
      87    0.717  2 0.0000 0.0000 0.000 0
      88    0.726  2 0.0000 0.0000 0.000 0
      89    0.734  2 0.0000 0.0000 0.000 0
      90    0.743  2 0.0000 0.0000 0.000 0
      91    0.751  2 0.0000 0.0000 0.000 0
      92    0.759  2 0.0000 0.0000 0.000 0
      93    0.767  2 0.0000 0.0000 0.000 0
      94    0.776  2 0.0000 0.0000 0.000 0
      95    0.784  2 0.0000 0.0000 0.000 0
      96    0.792  2 0.0000 0.0000 0.000 0
      97    0.801  2 0.0000 0.0000 0.000 0
      98    0.809  2 0.0000 0.0000 0.000 0
      99    0.817  2 0.0000 0.0000 0.000 0
     100    0.826  2 0.0000 0.0000 0.000 0
     101    0.834  2 0.0000 0.0000 0.000 0
     102    0.842  2 0.0000 0.0000 0.000 0
     103    0.851  2 0.0000 0.0000 0.000 0
     104    0.859  2 0.0000 0.0000 0.000 0
     105    0.867  2 0.0000 0.0000 0.000 0
     106    0.876  2 0.0000 0.0000 0.000 0
     107    0.884  2 0.0000 0.0000 0.000 0
     108    0.892  2 0.0000 0.0000 0.000 0
     109    0.901  2 0.0000 0.0000 0.000 0
     110    0.909  2 0.0000 0.0000 0.000 0
     111    0.917  2 0.0000 0.0000 0.000 0
     112    0.926  2 0.0000 0.0000 0.000 0
     113    0.934  2 0.0000 0.0000 0.000 0
     114    0.942  2 0.0000 0.0000 0.000 0
     115    0.951  2 0.0000 0.0000 0.000 0
     116    0.959  2 0.0000 0.0000 0.000 0
     117    0.967  2 0.0000 0.0000 0.000 0
     118    0.976  2 0.0000 0.0000 0.000 0
     119    0.984  2 0.0000 0.0000 0.000 0
     120    0.992  2 0.0000 0.0000 0.000 0
     121    1.001  0 0.0000 0.0000 0.000 0
     122    1.009  0 0.0000 0.0000 0.000 0
     123    1.017  0 0.0000 0.0000 0.000 0
     124    1.026  0 0.0000 0.0000 0.000 0
     125    1.034  0 0.0000 0.0000 0.000 0
     126    1.042  0 0.0000 0.0000 0.000 0
     127    1.051  0 0.0000 0.0000 0.000 0
     128    1.059  0 0.0000 0.0000 0.000 0
     129    1.067  0 0.0000 0.0000 0.000 0
     130    1.076  0 0.0000 0.0000 0.000 0
     131    1.084  0 0.0000 0.0000 0.000 0
     132    1.092  0 0.0000 0.0000 0.000 0
     133    1.101  0 0.0000 0.0000 0.000 0
     134    1.109  0 0.0000 0.0000 0.000 0
     135    1.117  0 0.0000 0.0000 0.000 0
     136    1.126  0 0.0000 0.0000 0.000 0
     137    1.134  0 0.0000 0.0000 0.000 0
     138    1.142  0 0.0000 0.0000 0.000 0
     139    1.151  0 0.0000 0.0000 0.000 0
     140    1.159  0 0.0000 0.0000 0.000 0
     141    1.167  0 0.0000 0.0000 0.000 0
     142    1.176  0 0.0000 0.0000 0.000 0
     143    1.184  0 0.0000 0.0000 0.000 0
     144    1.192  0 0.0000 0.0000 0.000 0
     145    1.201  0 0.0000 0.0000 0.000 0
     146    1.209  0 0.0000 0.0000 0.000 0
     147    1.217  0 0.0000 0.0000 0.000 0
     148    1.226  0 0.0000 0.0000 0.000 0
     149    1.234  0 0.0000 0.0000 0.000 0
     150    1.242  0 0.0000 0.0000 0.000 0
     151    1.251  0 0.0000 0.0000 0.000 0
     152    1.259  0 0.0000 0.0000 0.000 0
     153    1.267  0 0.0000 0.0000 0.000 0
     154    1.276  0 0.0000 0.0000 0.000 0
     155    1.284  0 0.0000 0.0000 0.000 0
     156    1.292  0 0.0000 0.0000 0.000 0
     157    1.301  0 0.0000 0.0000 0.000 0
     158    1.309  0 0.0000 0.0000 0.000 0
     159    1.317  0 0.0000 0.0000 0.000 0
     160    1.326  0 0.0000 0.0000 0.000 0
     161    1.334  0 0.0000 0.0000 0.000 0
     162    1.342  0 0.0000 0.0000 0.000 0
     163    1.351  0 0.0000 0.0000 0.000 0
     164    1.359  0 0.0000 0.0000 0.000 0
     165    1.367  0 0.0000 0.0000 0.000 0
     166    1.376  0 0.0000 0.0000 0.000 0
     167    1.384  0 0.0000 0.0000 0.000 0
     168    1.392  0 0.0000 0.0000 0.000 0
     169    1.401  0 0.0000 0.0000 0.000 0
     170    1.409  0 0.0000 0.0000 0.000 0
     171    1.417  0 0.0000 0.0000 0.000 0
     172    1.426  0 0.0000 0.0000 0.000 0
     173    1.434  0 0.0000 0.0000 0.000 0
     174    1.442  0 0.0000 0.0000 0.000 0
     175    1.451  0 0.0000 0.0000 0.000 0
     176    1.459  0 0.0000 0.0000 0.000 0
     177    1.467  0 0.0000 0.0000 0.000 0
     178    1.476  0 0.0000 0.0000 0.000 0
     179    1.484  0 0.0000 0.0000 0.000 0
     180    1.492  0 0.0000 0.0000 0.000 0
     181    1.501  0 0.0000 0.0000 0.000 0
     182    1.509  2 0.0000 0.0000 0.000 0
     183    1.518  2 0.0000 0.0000 0.000 0
     184    1.526  2 0.0000 0.0000 0.000 0
     185    1.534  2 0.0000 0.0000 0.000 0
     186    1.542  2 0.0000 0.0000 0.000 0
     187    1.551  2 0.0000 0.0000 0.000 0
     188    1.559  2 0.0000 0.0000 0.000 0
     189    1.567  2 0.0000 0.0000 0.000 0
     190    1.576  2 0.0000 0.0000 0.000 0
     191    1.584  2 0.0000 0.0000 0.000 0
     192    1.592  2 0.0000 0.0000 0.000 0
     193    1.601  2 0.0000 0.0000 0.000 0
     194    1.609  2 0.0000 0.0000 0.000 0
     195    1.617  2 0.0000 0.0000 0.000 0
     196    1.626  2 0.0000 0.0000 0.000 0
     197    1.634  2 0.0000 0.0000 0.000 0
     198    1.642  2 0.0000 0.0000 0.000 0
     199    1.651  2 0.0000 0.0000 0.000 0
     200    1.659  2 0.0000 0.0000 0.000 0
     201    1.667  2 0.0000 0.0000 0.000 0
     202    1.676  2 0.0000 0.0000 0.000 0
     203    1.684  2 0.0000 0.0000 0.000 0
     204    1.692  2 0.0000 0.0000 0.000 0
     205    1.701  2 0.0000 0.0000 0.000 0
     206    1.709  2 0.0000 0.0000 0.000 0
     207    1.717  2 0.0000 0.0000 0.000 0
     208    1.726  2 0.0000 0.0000 0.000 0
     209    1.734  2 0.0000 0.0000 0.000 0
     210    1.742  2 0.0000 0.0000 0.000 0
     211    1.751  2 0.0000 0.0000 0.000 0
     212    1.759  2 0.0000 0.0000 0.000 0
     213    1.767  2 0.0000 0.0000 0.000 0
     214    1.776  2 0.0000 0.0000 0.000 0
     215    1.784  2 0.0000 0.0000 0.000 0
     216    1.792  2 0.0000 0.0000 0.000 0
     217    1.801  2 0.0000 0.0000 0.000 0
     218    1.809  2 0.0000 0.0000 0.000 0
     219    1.817  2 0.0000 0.0000 0.000 0
     220    1.826  2 0.0000 0.0000 0.000 0
     221    1.834  2 0.0000 0.0000 0.000 0
     222    1.842  2 0.0000 0.0000 0.000 0
     223    1.851  2 0.0000 0.0000 0.000 0
     224    1.859  2 0.0000 0.0000 0.000 0
     225    1.867  2 0.0000 0.0000 0.000 0
     226    1.876  2 0.0000 0.0000 0.000 0
     227    1.884  2 0.0000 0.0000 0.000 0
     228    1.892  2 0.0000 0.0000 0.000 0
     229    1.901  2 0.0000 0.0000 0.000 0
     230    1.909  2 0.0000 0.0000 0.000 0
     231    1.917  2 0.0000 0.0000 0.000 0
     232    1.926  2 0.0000 0.0000 0.000 0
     233    1.934  2 0.0000 0.0000 0.000 0
     234    1.943  2 0.0000 0.0000 0.000 0
     235    1.951  2 0.0000 0.0000 0.000 0
     236    1.959  2 0.0000 0.0000 0.000 0
     237    1.967  2 0.0000 0.0000 0.000 0
     238    1.976  2 0.0000 0.0000 0.000 0
     239    1.984  2 0.0000 0.0000 0.000 0
     240    1.992  2 0.0000 0.0000 0.000 0
     241    2.001  2 0.0000 0.0000 0.000 0
     242    2.009  0 0.0000 0.0000 0.000 0
     243    2.018  0 0.0000 0.0000 0.000 0
     244    2.026  0 0.0000 0.0000 0.000 0
     245    2.034  0 0.0000 0.0000 0.000 0
     246    2.043  0 0.0000 0.0000 0.000 0
     247    2.051  0 0.0000 0.0000 0.000 0
     248    2.059  0 0.0000 0.0000 0.000 0
     249    2.067  0 0.0000 0.0000 0.000 0
     250    2.076  0 0.0000 0.0000 0.000 0
     251    2.084  0 0.0000 0.0000 0.000 0
     252    2.092  0 0.0000 0.0000 0.000 0
     253    2.101  0 0.0000 0.0000 0.000 0
     254    2.109  0 0.0000 0.0000 0.000 0
     255    2.118  0 0.0000 0.0000 0.000 0
     256    2.126  0 0.0000 0.0000 0.000 0
     257    2.134  0 0.0000 0.0000 0.000 0
     258    2.142  0 0.0000 0.0000 0.000 0
     259    2.151  0 0.0000 0.0000 0.000 0
     260    2.159  0 0.0000 0.0000 0.000 0
     261    2.167  0 0.0000 0.0000 0.000 0
     262    2.176  0 0.0000 0.0000 0.000 0
     263    2.184  0 0.0000 0.0000 0.000 0
     264    2.193  0 0.0000 0.0000 0.000 0
     265    2.201  0 0.0000 0.0000 0.000 0
     266    2.209  0 0.0000 0.0000 0.000 0
     267    2.218  0 0.0000 0.0000 0.000 0
     268    2.226  0 0.0000 0.0000 0.000 0
     269    2.234  0 0.0000 0.0000 0.000 0
     270    2.242  0 0.0000 0.0000 0.000 0
     271    2.251  0 0.0000 0.0000 0.000 0
     272    2.259  0 0.0000 0.0000 0.000 0
     273    2.267  0 0.0000 0.0000 0.000 0
     274    2.276  0 0.0000 0.0000 0.000 0
     275    2.284  0 0.0000 0.0000 0.000 0
     276    2.293  0 0.0000 0.0000 0.000 0
     277    2.301  0 0.0000 0.0000 0.000 0
     278    2.309  0 0.0000 0.0000 0.000 0
     279    2.318  0 0.0000 0.0000 0.000 0
     280    2.326  0 0.0000 0.0000 0.000 0
     281    2.334  0 0.0000 0.0000 0.000 0
     282    2.343  0 0.0000 0.0000 0.000 0
     283    2.351  0 0.0000 0.0000 0.000 0
     284    2.359  0 0.0000 0.0000 0.000 0
     285    2.368  0 0.0000 0.0000 0.000 0
     286    2.376  0 0.0000 0.0000 0.000 0
     287    2.384  0 0.0000 0.0000 0.000 0
     288    2.393  0 0.0000 0.0000 0.000 0
     289    2.401  0 0.0000 0.0000 0.000 0
     290    2.409  0 0.0000 0.0000 0.000 0
     291    2.418  0 0.0000 0.0000 0.000 0
     292    2.426  0 0.0000 0.0000 0.000 0
     293    2.434  0 0.0000 0.0000 0.000 0
     294    2.443  0 0.0000 0.0000 0.000 0
     295    2.451  0 0.0000 0.0000 0.000 0
     296    2.459  0 0.0000 0.0000 0.000 0
     297    2.468  0 0.0000 0.0000 0.000 0
     298    2.476  0 0.0000 0.0000 0.000 0
     299    2.484  0 0.0000 0.0000 0.000 0
     300    2.492  0 0.0000 0.0000 0.000 0
     301    2.501  0 0.0000 0.0000 0.000 0
     302    2.509  0 0.0000 0.0000 0.000 0
     303    2.517  2 0.0000 0.0000 0.000 0
     304    2.526  2 0.0000 0.0000 0.000 0
     305    2.534  2 0.0000 0.0000 0.000 0
     306    2.543  2 0.0000 0.0000 0.000 0
     307    2.551  2 0.0000 0.0000 0.000 0
     308    2.559  2 0.0000 0.0000 0.000 0
     309    2.568  2 0.0000 0.0000 0.000 0
     310    2.576  2 0.0000 0.0000 0.000 0
     311    2.584  2 0.0000 0.0000 0.000 0
     312    2.593  2 0.0000 0.0000 0.000 0
     313    2.601  2 0.0000 0.0000 0.000 0
     314    2.609  2 0.0000 0.0000 0.000 0
     315    2.618  2 0.0000 0.0000 0.000 0
     316    2.626  2 0.0000 0.0000 0.000 0
     317    2.634  2 0.0000 0.0000 0.000 0
     318    2.643  2 0.0000 0.0000 0.000 0
     319    2.651  2 0.0000 0.0000 0.000 0
     320    2.659  2 0.0000 0.0000 0.000 0
     321    2.668  2 0.0000 0.0000 0.000 0
     322    2.676  2 0.0000 0.0000 0.000 0
     323    2.684  2 0.0000 0.0000 0.000 0
     324    2.693  2 0.0000 0.0000 0.000 0
     325    2.701  2 0.0000 0.0000 0.000 0
     326    2.709  2 0.0000 0.0000 0.000 0
     327    2.718  2 0.0000 0.0000 0.000 0
     328    2.726  2 0.0000 0.0000 0.000 0
     329    2.734  2 0.0000 0.0000 0.000 0
     330    2.743  2 0.0000 0.0000 0.000 0
     331    2.751  2 0.0000 0.0000 0.000 0
     332    2.759  2 0.0000 0.0000 0.000 0
     333    2.768  2 0.0000 0.0000 0.000 0
     334    2.776  2 0.0000 0.0000 0.000 0
     335    2.784  2 0.0000 0.0000 0.000 0
     336    2.793  2 0.0000 0.0000 0.000 0
     337    2.801  2 0.0000 0.0000 0.000 0
     338    2.809  2 0.0000 0.0000 0.000 0
     339    2.818  2 0.0000 0.0000 0.000 0
     340    2.826  2 0.0000 0.0000 0.000 0
     341    2.834  2 0.0000 0.0000 0.000 0
     342    2.843  2 0.0000 0.0000 0.000 0
     343    2.851  2 0.0000 0.0000 0.000 0
     344    2.859  2 0.0000 0.0000 0.000 0
     345    2.868  2 0.0000 0.0000 0.000 0
     346    2.876  2 0.0000 0.0000 0.000 0
     347    2.884  2 0.0000 0.0000 0.000 0
     348    2.893  2 0.0000 0.0000 0.000 0
     349    2.901  2 0.0000 0.0000 0.000 0
     350    2.909  2 0.0000 0.0000 0.000 0
     351    2.918  2 0.0000 0.0000 0.000 0
     352    2.926  2 0.0000 0.0000 0.000 0
     353    2.934  2 0.0000 0.0000 0.000 0
     354    2.943  2 0.0000 0.0000 0.000 0
     355    2.951  2 0.0000 0.0000 0.000 0
     356    2.959  2 0.0000 0.0000 0.000 0
     357    2.968  2 0.0000 0.0000 0.000 0
     358    2.976  2 0.0000 0.0000 0.000 0
     359    2.984  2 0.0000 0.0000 0.000 0
     360    2.993  2 0.0000 0.0000 0.000 0
     361    3.001  2 0.0000 0.0000 0.000 0
     362    3.009  2 0.0000 0.0000 0.000 0
     363    3.018  0 0.0000 0.0000 0.000 0
     364    3.026  0 0.0000 0.0000 0.000 0
     365    3.034  0 0.0000 0.0000 0.000 0
     366    3.043  0 0.0000 0.0000 0.000 0
     367    3.051  0 0.0000 0.0000 0.000 0
     368    3.059  0 0.0000 0.0000 0.000 0
     369    3.068  0 0.0000 0.0000 0.000 0
     370    3.076  0 0.0000 0.0000 0.000 0
     371    3.084  0 0.0000 0.0000 0.000 0
     372    3.093  0 0.0000 0.0000 0.000 0
     373    3.101  0 0.0000 0.0000 0.000 0
     374    3.109  0 0.0000 0.0000 0.000 0
     375    3.118  0 0.0000 0.0000 0.000 0
     376    3.126  0 0.0000 0.0000 0.000 0
     377    3.134  0 0.0000 0.0000 0.000 0
     378    3.142  0 0.0000 0.0000 0.000 0
     379    3.151  0 0.0000 0.0000 0.000 0
     380    3.159  0 0.0000 0.0000 0.000 0
     381    3.168  0 0.0000 0.0000 0.000 0
     382    3.176  0 0.0000 0.0000 0.000 0
     383    3.184  0 0.0000 0.0000 0.000 0
     384    3.193  0 0.0000 0.0000 0.000 0
     385    3.201  0 0.0000 0.0000 0.000 0
     386    3.209  0 0.0000 0.0000 0.000 0
     387    3.218  0 0.0000 0.0000 0.000 0
     388    3.226  0 0.0000 0.0000 0.000 0
     389    3.234  0 0.0000 0.0000 0.000 0
     390    3.243  0 0.0000 0.0000 0.000 0
     391    3.251  0 0.0000 0.0000 0.000 0
     392    3.259  0 0.0000 0.0000 0.000 0
     393    3.268  0 0.0000 0.0000 0.000 0
     394    3.276  0 0.0000 0.0000 0.000 0
     395    3.284  0 0.0000 0.0000 0.000 0
     396    3.293  0 0.0000 0.0000 0.000 0
     397    3.301  0 0.0000 0.0000 0.000 0
     398    3.309  0 0.0000 0.0000 0.000 0
     399    3.318  0 0.0000 0.0000 0.000 0
     400    3.326  0 0.0000 0.0000 0.000 0
     401    3.334  0 0.0000 0.0000 0.000 0
     402    3.343  0 0.0000 0.0000 0.000 0
     403    3.351  0 0.0000 0.0000 0.000 0
     404    3.359  0 0.0000 0.0000 0.000 0
     405    3.368  0 0.0000 0.0000 0.000 0
     406    3.376  0 0.0000 0.0000 0.000 0
     407    3.384  0 0.0000 0.0000 0.000 0
     408    3.392  0 0.0000 0.0000 0.000 0
     409    3.401  0 0.0000 0.0000 0.000 0
     410    3.409  0 0.0000 0.0000 0.000 0
     411    3.418  0 0.0000 0.0000 0.000 0
     412    3.426  0 0.0000 0.0000 0.000 0
     413    3.434  0 0.0000 0.0000 0.000 0
     414    3.442  0 0.0000 0.0000 0.000 0
     415    3.451  0 0.0000 0.0000 0.000 0
     416    3.459  0 0.0000 0.0000 0.000 0
     417    3.468  0 0.0000 0.0000 0.000 0
     418    3.476  0 0.0000 0.0000 0.000 0
     419    3.484  0 0.0000 0.0000 0.000 0
     420    3.493  0 0.0000 0.0000 0.000 0
     421    3.501  0 0.0000 0.0000 0.000 0
     422    3.509  0 0.0000 0.0000 0.000 0
     423    3.518  0 0.0000 0.0000 0.000 0
     424    3.526  2 0.0000 0.0000 0.000 0
     425    3.534  2 0.0000 0.0000 0.000 0
     426    3.543  2 0.0000 0.0000 0.000 0
     427    3.551  2 0.0000 0.0000 0.000 0
     428    3.559  2 0.0000 0.0000 0.000 0
     429    3.568  2 0.0000 0.0000 0.000 0
     430    3.576  2 0.0000 0.0000 0.000 0
     431    3.584  2 0.0000 0.0000 0.000 0
     432    3.593  2 0.0000 0.0000 0.000 0
     433    3.601  2 0.0000 0.0000 0.000 0
     434    3.609  2 0.0000 0.0000 0.000 0
     435    3.618  2 0.0000 0.0000 0.000 0
     436    3.626  2 0.0000 0.0000 0.000 0
     437    3.634  2 0.0000 0.0000 0.000 0
     438    3.643  2 0.0000 0.0000 0.000 0
     439    3.651  2 0.0000 0.0000 0.000 0
     440    3.659  2 0.0000 0.0000 0.000 0
     441    3.668  2 0.0000 0.0000 0.000 0
     442    3.676  2 0.0000 0.0000 0.000 0
     443    3.684  2 0.0000 0.0000 0.000 0
     444    3.693  2 0.0000 0.0000 0.000 0
     445    3.701  2 0.0000 0.0000 0.000 0
     446    3.709  2 0.0000 0.0000 0.000 0
     447    3.718  2 0.0000 0.0000 0.000 0
     448    3.726  2 0.0000 0.0000 0.000 0
     449    3.734  2 0.0000 0.0000 0.000 0
     450    3.743  2 0.0000 0.0000 0.000 0
     451    3.751  2 0.0000 0.0000 0.000 0
     452    3.759  2 0.0000 0.0000 0.000 0
     453    3.768  2 0.0000 0.0000 0.000 0
     454    3.776  2 0.0000 0.0000 0.000 0
     455    3.784  2 0.0000 0.0000 0.000 0
     456    3.793  2 0.0000 0.0000 0.000 0
     457    3.801  2 0.0000 0.0000 0.000 0
     458    3.809  2 0.0000 0.0000 0.000 0
     459    3.818  2 0.0000 0.0000 0.000 0
     460    3.826  2 0.0000 0.0000 0.000 0
     461    3.834  2 0.0000 0.0000 0.000 0
     462    3.843  2 0.0000 0.0000 0.000 0
     463    3.851  2 0.0000 0.0000 0.000 0
     464    3.859  2 0.0000 0.0000 0.000 0
     465    3.868  2 0.0000 0.0000 0.000 0
     466    3.876  2 0.0000 0.0000 0.000 0
     467    3.884  2 0.0000 0.0000 0.000 0
     468    3.893  2 0.0000 0.0000 0.000 0
     469    3.901  2 0.0000 0.0000 0.000 0
     470    3.909  2 0.0000 0.0000 0.000 0
     471    3.918  2 0.0000 0.0000 0.000 0
     472    3.926  2 0.0000 0.0000 0.000 0
     473    3.934  2 0.0000 0.0000 0.000 0
     474    3.943  2 0.0000 0.0000 0.000 0
     475    3.951  2 0.0000 0.0000 0.000 0
     476    3.959  2 0.0000 0.0000 0.000 0
     477    3.968  2 0.0000 0.0000 0.000 0
     478    3.976  2 0.0000 0.0000 0.000 0
     479    3.984  2 0.0000 0.0000 0.000 0
     480    3.993  2 0.0000 0.0000 0.000 0
     481    4.001  2 0.0000 0.0000 0.000 0
     482    4.009  2 0.0000 0.0000 0.000 0
     483    4.018  2 0.0000 0.0000 0.000 0
     484    4.026  0 0.0000 0.0000 0.000 0
     485    4.034  0 0.0000 0.0000 0.000 0
     486    4.043  0 0.0000 0.0000 0.000 0
     487    4.051  0 0.0000 0.0000 0.000 0
     488    4.059  0 0.0000 0.0000 0.000 0
     489    4.068  0 0.0000 0.0000 0.000 0
     490    4.076  0 0.0000 0.0000 0.000 0
     491    4.084  0 0.0000 0.0000 0.000 0
     492    4.093  0 0.0000 0.0000 0.000 0
     493    4.101  0 0.0000 0.0000 0.000 0
     494    4.109  0 0.0000 0.0000 0.000 0
     495    4.118  0 0.0000 0.0000 0.000 0
     496    4.126  0 0.0000 0.0000 0.000 0
     497    4.134  0 0.0000 0.0000 0.000 0
     498    4.143  0 0.0000 0.0000 0.000 0
     499    4.151  0 0.0000 0.0000 0.000 0
     500    4.159  0 0.0000 0.0000 0.000 0
     501    4.168  0 0.0000 0.0000 0.000 0
     502    4.176  0 0.0000 0.0000 0.000 0
     503    4.184  0 0.0000 0.0000 0.000 0
     504    4.193  0 0.0000 0.0000 0.000 0
     505    4.201  0 0.0000 0.0000 0.000 0
     506    4.209  0 0.0000 0.0000 0.000 0
     507    4.218  0 0.0000 0.0000 0.000 0
     508    4.226  0 0.0000 0.0000 0.000 0
     509    4.234  0 0.0000 0.0000 0.000 0
     510    4.243  0 0.0000 0.0000 0.000 0
     511    4.251  0 0.0000 0.0000 0.000 0
     512    4.259  0 0.0000 0.0000 0.000 0
     513    4.268  0 0.0000 0.0000 0.000 0
     514    4.276  0 0.0000 0.0000 0.000 0
     515    4.284  0 0.0000 0.0000 0.000 0
     516    4.293  0 0.0000 0.0000 0.000 0
     517    4.301  0 0.0000 0.0000 0.000 0
     518    4.309  0 0.0000 0.0000 0.000 0
     519    4.318  0 0.0000 0.0000 0.000 0
     520    4.326  0 0.0000 0.0000 0.000 0
     521    4.334  0 0.0000 0.0000 0.000 0
     522    4.343  0 0.0000 0.0000 0.000 0
     523    4.351  0 0.0000 0.0000 0.000 0
     524    4.359  0 0.0000 0.0000 0.000 0
     525    4.368  0 0.0000 0.0000 0.000 0
     526    4.376  0 0.0000 0.0000 0.000 0
     527    4.384  0 0.0000 0.0000 0.000 0
     528    4.393  0 0.0000 0.0000 0.000 0
     529    4.401  0 0.0000 0.0000 0.000 0
     530    4.409  0 0.0000 0.0000 0.000 0
     531    4.418  0 0.0000 0.0000 0.000 0
     532    4.426  0 0.0000 0.0000 0.000 0
     533    4.434  0 0.0000 0.0000 0.000 0
     534    4.443  0 0.0000 0.0000 0.000 0
     535    4.451  0 0.0000 0.0000 0.000 0
     536    4.459  0 0.0000 0.0000 0.000 0
     537    4.468  0 0.0000 0.0000 0.000 0
     538    4.476  0 0.0000 0.0000 0.000 0
     539    4.484  0 0.0000 0.0000 0.000 0
     540    4.493  0 0.0000 0.0000 0.000 0
     541    4.501  0 0.0000 0.0000 0.000 0
     542    4.509  0 0.0000 0.0000 0.000 0
     543    4.518  0 0.0000 0.0000 0.000 0
     544    4.526  0 0.0000 0.0000 0.000 0
     545    4.534  2 0.0000 0.0000 0.000 0
     546    4.543  2 0.0000 0.0000 0.000 0
     547    4.551  2 0.0000 0.0000 0.000 0
     548    4.559  2 0.0000 0.0000 0.000 0
     549    4.568  2 0.0000 0.0000 0.000 0
     550    4.576  2 0.0000 0.0000 0.000 0
     551    4.584  2 0.0000 0.0000 0.000 0
     552    4.593  2 0.0000 0.0000 0.000 0
     553    4.601  2 0.0000 0.0000 0.000 0
     554    4.609  2 0.0000 0.0000 0.000 0
     555    4.618  2 0.0000 0.0000 0.000 0
     556    4.626  2 0.0000 0.0000 0.000 0
     557    4.634  2 0.0000 0.0000 0.000 0
     558    4.643  2 0.0000 0.0000 0.000 0
     559    4.651  2 0.0000 0.0000 0.000 0
     560    4.659  2 0.0000 0.0000 0.000 0
     561    4.668  2 0.0000 0.0000 0.000 0
     562    4.676  2 0.0000 0.0000 0.000 0
     563    4.684  2 0.0000 0.0000 0.000 0
     564    4.693  2 0.0000 0.0000 0.000 0
     565    4.701  2 0.0000 0.0000 0.000 0
     566    4.709  2 0.0000 0.0000 0.000 0
     567    4.718  2 0.0000 0.0000 0.000 0
     568    4.726  2 0.0000 0.0000 0.000 0
     569    4.734  2 0.0000 0.0000 0.000 0
     570    4.743  2 0.0000 0.0000 0.000 0
     571    4.751  2 0.0000 0.0000 0.000 0
     572    4.759  2 0.0000 0.0000 0.000 0
     573    4.768  2 0.0000 0.0000 0.000 0
     574    4.776  2 0.0000 0.0000 0.000 0
     575    4.784  2 0.0000 0.0000 0.000 0
     576    4.793  2 0.0000 0.0000 0.000 0
     577    4.801  2 0.0000 0.0000 0.000 0
     578    4.809  2 0.0000 0.0000 0.000 0
     579    4.817  2 0.0000 0.0000 0.000 0
     580    4.826  2 0.0000 0.0000 0.000 0
     581    4.834  2 0.0000 0.0000 0.000 0
     582    4.843  2 0.0000 0.0000 0.000 0
     583    4.851  2 0.0000 0.0000 0.000 0
     584    4.859  2 0.0000 0.0000 0.000 0
     585    4.867  2 0.0000 0.0000 0.000 0
     586    4.876  2 0.0000 0.0000 0.000 0
     587    4.884  2 0.0000 0.0000 0.000 0
     588    4.892  2 0.0000 0.0000 0.000 0
     589    4.901  2 0.0000 0.0000 0.000 0
     590    4.909  2 0.0000 0.0000 0.000 0
     591    4.917  2 0.0000 0.0000 0.000 0
     592    4.926  2 0.0000 0.0000 0.000 0
     593    4.934  2 0.0000 0.0000 0.000 0
     594    4.942  2 0.0000 0.0000 0.000 0
     595    4.951  2 0.0000 0.0000 0.000 0
     596    4.959  2 0.0000 0.0000 0.000 0
     597    4.967  2 0.0000 0.0000 0.000 0
     598    4.976  2 0.0000 0.0000 0.000 0
     599    4.984  2 0.0000 0.0000 0.000 0
     600    4.992  2 0.0000 0.0000 0.000 0
     601    5.001  2 0.0000 0.0000 0.000 0
     602    5.009  2 0.0000 0.0000 0.000 0
     603    5.017  2 0.0000 0.0000 0.000 0
     604    5.026  2 0.0000 0.0000 0.000 0
     605    5.034  2 0.0000 0.0000 0.000 0
     606    5.042  0 0.0000 0.0000 0.000 0
     607    5.051  0 0.0000 0.0000 0.000 0
     608    5.059  0 0.0000 0.0000 0.000 0
     609    5.067  0 0.0000 0.0000 0.000 0
     610    5.076  0 0.0000 0.0000 0.000 0
     611    5.084  0 0.0000 0.0000 0.000 0
     612    5.092  0 0.0000 0.0000 0.000 0
     613    5.101  0 0.0000 0.0000 0.000 0
     614    5.109  0 0.0000 0.0000 0.000 0
     615    5.117  0 0.0000 0.0000 0.000 0
     616    5.126  0 0.0000 0.0000 0.000 0
     617    5.134  0 0.0000 0.0000 0.000 0
     618    5.142  0 0.0000 0.0000 0.000 0
     619    5.151  0 0.0000 0.0000 0.000 0
     620    5.159  0 0.0000 0.0000 0.000 0
     621    5.167  0 0.0000 0.0000 0.000 0
     622    5.176  0 0.0000 0.0000 0.000 0
     623    5.184  0 0.0000 0.0000 0.000 0
     624    5.192  0 0.0000 0.0000 0.000 0
     625    5.201  0 0.0000 0.0000 0.000 0
     626    5.209  0 0.0000 0.0000 0.000 0
     627    5.217  0 0.0000 0.0000 0.000 0
     628    5.226  0 0.0000 0.0000 0.000 0
     629    5.234  0 0.0000 0.0000 0.000 0
     630    5.242  0 0.0000 0.0000 0.000 0
     631    5.251  0 0.0000 0.0000 0.000 0
     632    5.259  0 0.0000 0.0000 0.000 0
     633    5.267  0 0.0000 0.0000 0.000 0
     634    5.276  0 0.0000 0.0000 0.000 0
     635    5.284  0 0.0000 0.0000 0.000 0
     636    5.292  0 0.0000 0.0000 0.000 0
     637    5.301  0 0.0000 0.0000 0.000 0
     638    5.309  0 0.0000 0.0000 0.000 0
     639    5.318  0 0.0000 0.0000 0.000 0
     640    5.326  0 0.0000 0.0000 0.000 0
     641    5.334  0 0.0000 0.0000 0.000 0
     642    5.342  0 0.0000 0.0000 0.000 0
     643    5.351  0 0.0000 0.0000 0.000 0
     644    5.359  0 0.0000 0.0000 0.000 0
     645    5.367  0 0.0000 0.0000 0.000 0
     646    5.376  0 0.0000 0.0000 0.000 0
     647    5.384  0 0.0000 0.0000 0.000 0
     648    5.392  0 0.0000 0.0000 0.000 0
     649    5.401  0 0.0000 0.0000 0.000 0
     650    5.409  0 0.0000 0.0000 0.000 0
     651    5.417  0 0.0000 0.0000 0.000 0
     652    5.426  0 0.0000 0.0000 0.000 0
     653    5.434  0 0.0000 0.0000 0.000 0
     654    5.442  0 0.0000 0.0000 0.000 0
     655    5.451  0 0.0000 0.0000 0.000 0
     656    5.459  0 0.0000 0.0000 0.000 0
     657    5.467  0 0.0000 0.0000 0.000 0
     658    5.476  0 0.0000 0.0000 0.000 0
     659    5.484  0 0.0000 0.0000 0.000 0
     660    5.492  0 0.0000 0.0000 0.000 0
     661    5.501  0 0.0000 0.0000 0.000 0
     662    5.509  0 0.0000 0.0000 0.000 0
     663    5.517  0 0.0000 0.0000 0.000 0
     664    5.526  0 0.0000 0.0000 0.000 0
     665    5.534  0 0.0000 0.0000 0.000 0
     666    5.543  1 0.0000 0.0000 0.000 0
     667    5.554  1 0.0000 0.0000 0.000 0
     668    5.559  1 0.0000 0.0000 0.000 0
     669    5.568  1 0.0000 0.0000 0.000 0
     670    5.576  1 0.0000 0.0000 0.000 0
     671    5.584  1 0.0000 0.0000 0.000 0
     672    5.592  1 0.0000 0.0000 0.000 0
     673    5.601  1 0.0000 0.0000 0.000 0
     674    5.609  1 0.0000 0.0000 0.000 0
     675    5.617  1 0.0000 0.0000 0.000 0
     676    5.626  1 0.0000 0.0000 0.000 0
     677    5.634  1 0.0000 0.0000 0.000 0
     678    5.642  1 0.0000 0.0000 0.000 0
     679    5.651  1 0.0000 0.0000 0.000 0
     680    5.659  1 0.0000 0.0000 0.000 0
     681    5.667  1 0.0000 0.0000 0.000 0
     682    5.676  1 0.0000 0.0000 0.000 0
     683    5.684  1 0.0000 0.0000 0.000 0
     684    5.692  1 0.0000 0.0000 0.000 0
     685    5.701  1 0.0000 0.0000 0.000 0
     686    5.709  1 0.0000 0.0000 0.000 0
     687    5.717  1 0.0000 0.0000 0.000 0
     688    5.726  1 0.0000 0.0000 0.000 0
     689    5.734  1 0.0000 0.0000 0.000 0
     690    5.742  1 0.0000 0.0000 0.000 0
     691    5.751  1 0.0000 0.0000 0.000 0
     692    5.759  1 0.0000 0.0000 0.000 0
     693    5.767  1 0.0000 0.0000 0.000 0
     694    5.776  1 0.0000 0.0000 0.000 0
     695    5.784  1 0.0000 0.0000 0.000 0
     696    5.792  1 0.0000 0.0000 0.000 0
     697    5.801  1 0.0000 0.0000 0.000 0
     698    5.809  1 0.0000 0.0000 0.000 0
     699    5.817  1 0.0000 0.0000 0.000 0
     700    5.826  1 0.0000 0.0000 0.000 0
     701    5.834  1 0.0000 0.0000 0.000 0
     702    5.842  1 0.0000 0.0000 0.000 0
     703    5.851  1 0.0000 0.0000 0.000 0
     704    5.859  1 0.0000 0.0000 0.000 0
     705    5.867  1 0.0000 0.0000 0.000 0
     706    5.876  1 0.0000 0.0000 0.000 0
     707    5.884  1 0.0000 0.0000 0.000 0
     708    5.892  1 0.0000 0.0000 0.000 0
     709    5.901  1 0.0000 0.0000 0.000 0
     710    5.909  1 0.0000 0.0000 0.000 0
     711    5.917  1 0.0000 0.0000 0.000 0
     712    5.926  1 0.0000 0.0000 0.000 0
     713    5.934  1 0.0000 0.0000 0.000 0
     714    5.942  1 0.0000 0.0000 0.000 0
     715    5.951  1 0.0000 0.0000 0.000 0
     716    5.959  1 0.0000 0.0000 0.000 0
     717    5.967  1 0.0000 0.0000 0.000 0
     718    5.976  1 0.0000 0.0000 0.000 0
     719    5.984  1 0.0000 0.0000 0.000 0
     720    5.992  1 0.0000 0.0000 0.000 0
     721    6.001  1 0.0000 0.0000 0.000 0
     722    6.009  1 0.0000 0.0000 0.000 0
     723    6.017  1 0.0000 0.0000 0.000 0
     724    6.026  1 0.0000 0.0000 0.000 0
     725    6.034  1 0.0000 0.0000 0.000 0
     726    6.042  1 0.0000 0.0000 0.000 0
     727    6.051  0 0.0000 0.0000 0.000 0
     728    6.059  0 0.0000 0.0000 0.000 0
     729    6.067  0 0.0000 0.0000 0.000 0
     730    6.076  0 0.0000 0.0000 0.000 0
     731    6.084  0 0.0000 0.0000 0.000 0
     732    6.092  0 0.0000 0.0000 0.000 0
     733    6.101  0 0.0000 0.0000 0.000 0
     734    6.109  0 0.0000 0.0000 0.000 0
     735    6.117  0 0.0000 0.0000 0.000 0
     736    6.126  0 0.0000 0.0000 0.000 0
     737    6.134  0 0.0000 0.0000 0.000 0
     738    6.142  0 0.0000 0.0000 0.000 0
     739    6.151  0 0.0000 0.0000 0.000 0
     740    6.159  0 0.0000 0.0000 0.000 0
     741    6.167  0 0.0000 0.0000 0.000 0
     742    6.176  0 0.0000 0.0000 0.000 0
     743    6.184  0 0.0000 0.0000 0.000 0
     744    6.192  0 0.0000 0.0000 0.000 0
     745    6.201  0 0.0000 0.0000 0.000 0
     746    6.209  0 0.0000 0.0000 0.000 0
     747    6.217  0 0.0000 0.0000 0.000 0
     748    6.226  0 0.0000 0.0000 0.000 0
     749    6.234  0 0.0000 0.0000 0.000 0
     750    6.242  0 0.0000 0.0000 0.000 0
     751    6.251  0 0.0000 0.0000 0.000 0
     752    6.259  0 0.0000 0.0000 0.000 0
     753    6.267  0 0.0000 0.0000 0.000 0
     754    6.276  0 0.0000 0.0000 0.000 0
     755    6.284  0 0.0000 0.0000 0.000 0
     756    6.293  0 0.0000 0.0000 0.000 0
     757    6.301  0 0.0000 0.0000 0.000 0
     758    6.309  0 0.0000 0.0000 0.000 0
     759    6.317  0 0.0000 0.0000 0.000 0
     760    6.326  0 0.0000 0.0000 0.000 0
     761    6.334  0 0.0000 0.0000 0.000 0
     762    6.343  0 0.0000 0.0000 0.000 0
     763    6.351  0 0.0000 0.0000 0.000 0
     764    6.359  0 0.0000 0.0000 0.000 0
     765    6.367  0 0.0000 0.0000 0.000 0
     766    6.376  0 0.0000 0.0000 0.000 0
     767    6.384  0 0.0000 0.0000 0.000 0
     768    6.392  0 0.0000 0.0000 0.000 0
     769    6.401  0 0.0000 0.0000 0.000 0
     770    6.409  0 0.0000 0.0000 0.000 0
     771    6.417  0 0.0000 0.0000 0.000 0
     772    6.426  0 0.0000 0.0000 0.000 0
     773    6.434  0 0.0000 0.0000 0.000 0
     774    6.442  0 0.0000 0.0000 0.000 0
     775    6.451  0 0.0000 0.0000 0.000 0
     776    6.459  0 0.0000 0.0000 0.000 0
     777    6.467  0 0.0000 0.0000 0.000 0
     778    6.476  0 0.0000 0.0000 0.000 0
     779    6.484  0 0.0000 0.0000 0.000 0
     780    6.492  0 0.0000 0.0000 0.000 0
     781    6.501  0 0.0000 0.0000 0.000 0
     782    6.509  0 0.0000 0.0000 0.000 0
     783    6.517  0 0.0000 0.0000 0.000 0
     784    6.526  0 0.0000 0.0000 0.000 0
     785    6.534  0 0.0000 0.0000 0.000 0
     786    6.542  0 0.0000 0.0000 0.000 0
     787    6.551  1 0.0000 0.0000 0.000 0
     788    6.559  1 0.0000 0.0000 0.000 0
