C:\Users\Clandininlab\Desktop\2pstim_wNI_LB\Debug\Data\fullfieldcontrast_2s.txt 
       1    0.026  0 0.0000 0.0000 0.000 1
       2    0.030  0 0.0000 0.0000 0.000 1
       3    0.032  0 0.0000 0.0000 0.000 1
       4    0.034  0 0.0000 0.0000 0.000 1
       5    0.037  0 0.0000 0.0000 0.000 1
       6    0.043  0 0.0000 0.0000 0.000 1
       7    0.052  0 0.0000 0.0000 0.000 1
       8    0.060  0 0.0000 0.0000 0.000 1
       9    0.069  0 0.0000 0.0000 0.000 1
      10    0.077  0 0.0000 0.0000 0.000 1
      11    0.086  0 0.0000 0.0000 0.000 1
      12    0.093  0 0.0000 0.0000 0.000 1
      13    0.102  0 0.0000 0.0000 0.000 1
      14    0.110  0 0.0000 0.0000 0.000 1
      15    0.119  0 0.0000 0.0000 0.000 1
      16    0.127  0 0.0000 0.0000 0.000 1
      17    0.135  0 0.0000 0.0000 0.000 1
      18    0.143  0 0.0000 0.0000 0.000 1
      19    0.152  0 0.0000 0.0000 0.000 1
      20    0.160  0 0.0000 0.0000 0.000 1
      21    0.168  0 0.0000 0.0000 0.000 1
      22    0.177  0 0.0000 0.0000 0.000 1
      23    0.185  0 0.0000 0.0000 0.000 1
      24    0.194  0 0.0000 0.0000 0.000 1
      25    0.202  0 0.0000 0.0000 0.000 1
      26    0.210  0 0.0000 0.0000 0.000 1
      27    0.218  0 0.0000 0.0000 0.000 1
      28    0.227  0 0.0000 0.0000 0.000 1
      29    0.235  0 0.0000 0.0000 0.000 1
      30    0.243  0 0.0000 0.0000 0.000 1
      31    0.252  0 0.0000 0.0000 0.000 1
      32    0.260  0 0.0000 0.0000 0.000 1
      33    0.268  0 0.0000 0.0000 0.000 1
      34    0.277  0 0.0000 0.0000 0.000 1
      35    0.285  0 0.0000 0.0000 0.000 1
      36    0.294  0 0.0000 0.0000 0.000 1
      37    0.302  0 0.0000 0.0000 0.000 1
      38    0.310  0 0.0000 0.0000 0.000 1
      39    0.318  0 0.0000 0.0000 0.000 1
      40    0.327  0 0.0000 0.0000 0.000 1
      41    0.335  0 0.0000 0.0000 0.000 1
      42    0.343  0 0.0000 0.0000 0.000 1
      43    0.352  0 0.0000 0.0000 0.000 1
      44    0.360  0 0.0000 0.0000 0.000 1
      45    0.368  0 0.0000 0.0000 0.000 1
      46    0.377  0 0.0000 0.0000 0.000 1
      47    0.385  0 0.0000 0.0000 0.000 1
      48    0.393  0 0.0000 0.0000 0.000 1
      49    0.402  0 0.0000 0.0000 0.000 1
      50    0.410  0 0.0000 0.0000 0.000 1
      51    0.418  0 0.0000 0.0000 0.000 1
      52    0.427  0 0.0000 0.0000 0.000 1
      53    0.435  0 0.0000 0.0000 0.000 1
      54    0.443  0 0.0000 0.0000 0.000 1
      55    0.452  0 0.0000 0.0000 0.000 1
      56    0.460  0 0.0000 0.0000 0.000 1
      57    0.468  0 0.0000 0.0000 0.000 1
      58    0.477  0 0.0000 0.0000 0.000 1
      59    0.485  0 0.0000 0.0000 0.000 1
      60    0.493  0 0.0000 0.0000 0.000 1
      61    0.502  0 0.0000 0.0000 0.000 1
      62    0.510  0 0.0000 0.0000 0.000 1
      63    0.518  0 0.0000 0.0000 0.000 1
      64    0.527  0 0.0000 0.0000 0.000 1
      65    0.535  0 0.0000 0.0000 0.000 1
      66    0.543  0 0.0000 0.0000 0.000 1
      67    0.552  0 0.0000 0.0000 0.000 1
      68    0.560  0 0.0000 0.0000 0.000 1
      69    0.568  0 0.0000 0.0000 0.000 1
      70    0.577  0 0.0000 0.0000 0.000 1
      71    0.585  0 0.0000 0.0000 0.000 1
      72    0.593  0 0.0000 0.0000 0.000 1
      73    0.602  0 0.0000 0.0000 0.000 1
      74    0.610  0 0.0000 0.0000 0.000 1
      75    0.618  0 0.0000 0.0000 0.000 1
      76    0.627  0 0.0000 0.0000 0.000 1
      77    0.635  0 0.0000 0.0000 0.000 1
      78    0.643  0 0.0000 0.0000 0.000 1
      79    0.652  0 0.0000 0.0000 0.000 1
      80    0.660  0 0.0000 0.0000 0.000 1
      81    0.668  0 0.0000 0.0000 0.000 1
      82    0.677  0 0.0000 0.0000 0.000 1
      83    0.685  0 0.0000 0.0000 0.000 1
      84    0.693  0 0.0000 0.0000 0.000 1
      85    0.702  0 0.0000 0.0000 0.000 1
      86    0.710  0 0.0000 0.0000 0.000 1
      87    0.718  0 0.0000 0.0000 0.000 1
      88    0.727  0 0.0000 0.0000 0.000 1
      89    0.735  0 0.0000 0.0000 0.000 1
      90    0.743  0 0.0000 0.0000 0.000 1
      91    0.752  0 0.0000 0.0000 0.000 1
      92    0.760  0 0.0000 0.0000 0.000 1
      93    0.768  0 0.0000 0.0000 0.000 1
      94    0.777  0 0.0000 0.0000 0.000 1
      95    0.785  0 0.0000 0.0000 0.000 1
      96    0.793  0 0.0000 0.0000 0.000 1
      97    0.802  0 0.0000 0.0000 0.000 1
      98    0.810  0 0.0000 0.0000 0.000 1
      99    0.818  0 0.0000 0.0000 0.000 1
     100    0.827  0 0.0000 0.0000 0.000 1
     101    0.835  0 0.0000 0.0000 0.000 1
     102    0.843  0 0.0000 0.0000 0.000 1
     103    0.852  0 0.0000 0.0000 0.000 1
     104    0.860  0 0.0000 0.0000 0.000 1
     105    0.868  0 0.0000 0.0000 0.000 1
     106    0.877  0 0.0000 0.0000 0.000 1
     107    0.885  0 0.0000 0.0000 0.000 1
     108    0.893  0 0.0000 0.0000 0.000 1
     109    0.902  0 0.0000 0.0000 0.000 1
     110    0.910  0 0.0000 0.0000 0.000 1
     111    0.918  0 0.0000 0.0000 0.000 1
     112    0.927  0 0.0000 0.0000 0.000 1
     113    0.935  0 0.0000 0.0000 0.000 1
     114    0.943  0 0.0000 0.0000 0.000 1
     115    0.952  0 0.0000 0.0000 0.000 1
     116    0.960  0 0.0000 0.0000 0.000 1
     117    0.968  0 0.0000 0.0000 0.000 1
     118    0.977  0 0.0000 0.0000 0.000 1
     119    0.985  0 0.0000 0.0000 0.000 1
     120    0.993  0 0.0000 0.0000 0.000 1
     121    1.002  0 0.0000 0.0000 0.000 1
     122    1.010  0 0.0000 0.0000 0.000 1
     123    1.018  0 0.0000 0.0000 0.000 1
     124    1.027  0 0.0000 0.0000 0.000 1
     125    1.035  0 0.0000 0.0000 0.000 1
     126    1.043  0 0.0000 0.0000 0.000 1
     127    1.052  0 0.0000 0.0000 0.000 1
     128    1.060  0 0.0000 0.0000 0.000 1
     129    1.068  0 0.0000 0.0000 0.000 1
     130    1.077  0 0.0000 0.0000 0.000 1
     131    1.085  0 0.0000 0.0000 0.000 1
     132    1.093  0 0.0000 0.0000 0.000 1
     133    1.102  0 0.0000 0.0000 0.000 1
     134    1.110  0 0.0000 0.0000 0.000 1
     135    1.118  0 0.0000 0.0000 0.000 1
     136    1.127  0 0.0000 0.0000 0.000 1
     137    1.135  0 0.0000 0.0000 0.000 1
     138    1.143  0 0.0000 0.0000 0.000 1
     139    1.152  0 0.0000 0.0000 0.000 1
     140    1.161  0 0.0000 0.0000 0.000 1
     141    1.168  0 0.0000 0.0000 0.000 1
     142    1.177  0 0.0000 0.0000 0.000 1
     143    1.185  0 0.0000 0.0000 0.000 1
     144    1.193  0 0.0000 0.0000 0.000 1
     145    1.202  0 0.0000 0.0000 0.000 1
     146    1.210  0 0.0000 0.0000 0.000 1
     147    1.218  0 0.0000 0.0000 0.000 1
     148    1.227  0 0.0000 0.0000 0.000 1
     149    1.235  0 0.0000 0.0000 0.000 1
     150    1.243  0 0.0000 0.0000 0.000 2
     151    1.252  0 0.0000 0.0000 0.000 2
     152    1.260  0 0.0000 0.0000 0.000 2
     153    1.268  0 0.0000 0.0000 0.000 2
     154    1.277  0 0.0000 0.0000 0.000 2
     155    1.285  0 0.0000 0.0000 0.000 2
     156    1.293  0 0.0000 0.0000 0.000 2
     157    1.302  0 0.0000 0.0000 0.000 2
     158    1.310  0 0.0000 0.0000 0.000 2
     159    1.318  0 0.0000 0.0000 0.000 2
     160    1.327  0 0.0000 0.0000 0.000 2
     161    1.335  0 0.0000 0.0000 0.000 2
     162    1.343  0 0.0000 0.0000 0.000 2
     163    1.352  0 0.0000 0.0000 0.000 2
     164    1.360  0 0.0000 0.0000 0.000 2
     165    1.368  0 0.0000 0.0000 0.000 2
     166    1.377  0 0.0000 0.0000 0.000 2
     167    1.385  0 0.0000 0.0000 0.000 2
     168    1.393  0 0.0000 0.0000 0.000 2
     169    1.402  0 0.0000 0.0000 0.000 2
     170    1.410  0 0.0000 0.0000 0.000 2
     171    1.418  0 0.0000 0.0000 0.000 2
     172    1.427  0 0.0000 0.0000 0.000 2
     173    1.435  0 0.0000 0.0000 0.000 2
     174    1.443  0 0.0000 0.0000 0.000 2
     175    1.452  0 0.0000 0.0000 0.000 2
     176    1.460  0 0.0000 0.0000 0.000 2
     177    1.468  0 0.0000 0.0000 0.000 2
     178    1.477  0 0.0000 0.0000 0.000 2
     179    1.485  0 0.0000 0.0000 0.000 2
     180    1.493  0 0.0000 0.0000 0.000 2
     181    1.502  0 0.0000 0.0000 0.000 2
     182    1.510  0 0.0000 0.0000 0.000 2
     183    1.518  0 0.0000 0.0000 0.000 2
     184    1.527  0 0.0000 0.0000 0.000 2
     185    1.535  0 0.0000 0.0000 0.000 2
     186    1.543  0 0.0000 0.0000 0.000 2
     187    1.552  0 0.0000 0.0000 0.000 2
     188    1.560  0 0.0000 0.0000 0.000 2
     189    1.568  0 0.0000 0.0000 0.000 2
     190    1.577  0 0.0000 0.0000 0.000 2
     191    1.585  0 0.0000 0.0000 0.000 2
     192    1.593  0 0.0000 0.0000 0.000 2
     193    1.602  0 0.0000 0.0000 0.000 2
     194    1.610  0 0.0000 0.0000 0.000 2
     195    1.618  0 0.0000 0.0000 0.000 2
     196    1.627  0 0.0000 0.0000 0.000 2
     197    1.635  0 0.0000 0.0000 0.000 2
     198    1.643  0 0.0000 0.0000 0.000 2
     199    1.652  0 0.0000 0.0000 0.000 2
     200    1.660  0 0.0000 0.0000 0.000 2
     201    1.668  0 0.0000 0.0000 0.000 2
     202    1.677  0 0.0000 0.0000 0.000 2
     203    1.685  0 0.0000 0.0000 0.000 2
     204    1.693  0 0.0000 0.0000 0.000 2
     205    1.702  0 0.0000 0.0000 0.000 2
     206    1.710  0 0.0000 0.0000 0.000 2
     207    1.718  0 0.0000 0.0000 0.000 2
     208    1.727  0 0.0000 0.0000 0.000 2
     209    1.735  0 0.0000 0.0000 0.000 2
     210    1.743  0 0.0000 0.0000 0.000 2
     211    1.752  0 0.0000 0.0000 0.000 2
     212    1.760  0 0.0000 0.0000 0.000 2
     213    1.768  0 0.0000 0.0000 0.000 2
     214    1.777  0 0.0000 0.0000 0.000 2
     215    1.785  0 0.0000 0.0000 0.000 2
     216    1.793  0 0.0000 0.0000 0.000 2
     217    1.802  0 0.0000 0.0000 0.000 2
     218    1.810  0 0.0000 0.0000 0.000 2
     219    1.818  0 0.0000 0.0000 0.000 2
     220    1.827  0 0.0000 0.0000 0.000 2
     221    1.835  0 0.0000 0.0000 0.000 2
     222    1.843  0 0.0000 0.0000 0.000 2
     223    1.852  0 0.0000 0.0000 0.000 2
     224    1.860  0 0.0000 0.0000 0.000 2
     225    1.868  0 0.0000 0.0000 0.000 2
     226    1.877  0 0.0000 0.0000 0.000 2
     227    1.885  0 0.0000 0.0000 0.000 2
     228    1.893  0 0.0000 0.0000 0.000 2
     229    1.902  0 0.0000 0.0000 0.000 2
     230    1.910  0 0.0000 0.0000 0.000 2
     231    1.918  0 0.0000 0.0000 0.000 2
     232    1.927  0 0.0000 0.0000 0.000 2
     233    1.935  0 0.0000 0.0000 0.000 2
     234    1.944  0 0.0000 0.0000 0.000 2
     235    1.952  0 0.0000 0.0000 0.000 2
     236    1.960  0 0.0000 0.0000 0.000 2
     237    1.968  0 0.0000 0.0000 0.000 2
     238    1.977  0 0.0000 0.0000 0.000 2
     239    1.985  0 0.0000 0.0000 0.000 2
     240    1.993  0 0.0000 0.0000 0.000 2
     241    2.002  2 0.0000 0.0000 0.000 2
     242    2.010  2 0.0000 0.0000 0.000 2
     243    2.018  2 0.0000 0.0000 0.000 2
     244    2.027  2 0.0000 0.0000 0.000 2
     245    2.035  2 0.0000 0.0000 0.000 2
     246    2.044  2 0.0000 0.0000 0.000 2
     247    2.052  2 0.0000 0.0000 0.000 2
     248    2.060  2 0.0000 0.0000 0.000 2
     249    2.068  2 0.0000 0.0000 0.000 2
     250    2.077  2 0.0000 0.0000 0.000 2
     251    2.085  2 0.0000 0.0000 0.000 2
     252    2.094  2 0.0000 0.0000 0.000 2
     253    2.102  2 0.0000 0.0000 0.000 2
     254    2.110  2 0.0000 0.0000 0.000 2
     255    2.118  2 0.0000 0.0000 0.000 2
     256    2.127  2 0.0000 0.0000 0.000 2
     257    2.135  2 0.0000 0.0000 0.000 2
     258    2.144  2 0.0000 0.0000 0.000 2
     259    2.152  2 0.0000 0.0000 0.000 2
     260    2.160  2 0.0000 0.0000 0.000 2
     261    2.169  2 0.0000 0.0000 0.000 2
     262    2.177  2 0.0000 0.0000 0.000 2
     263    2.185  2 0.0000 0.0000 0.000 2
     264    2.194  2 0.0000 0.0000 0.000 2
     265    2.202  2 0.0000 0.0000 0.000 2
     266    2.210  2 0.0000 0.0000 0.000 2
     267    2.218  2 0.0000 0.0000 0.000 2
     268    2.227  2 0.0000 0.0000 0.000 2
     269    2.235  2 0.0000 0.0000 0.000 2
     270    2.243  2 0.0000 0.0000 0.000 2
     271    2.252  2 0.0000 0.0000 0.000 2
     272    2.260  2 0.0000 0.0000 0.000 2
     273    2.268  2 0.0000 0.0000 0.000 2
     274    2.277  2 0.0000 0.0000 0.000 2
     275    2.285  2 0.0000 0.0000 0.000 2
     276    2.293  2 0.0000 0.0000 0.000 2
     277    2.302  2 0.0000 0.0000 0.000 2
     278    2.310  2 0.0000 0.0000 0.000 2
     279    2.318  2 0.0000 0.0000 0.000 2
     280    2.327  2 0.0000 0.0000 0.000 2
     281    2.335  2 0.0000 0.0000 0.000 2
     282    2.344  2 0.0000 0.0000 0.000 2
     283    2.352  2 0.0000 0.0000 0.000 2
     284    2.360  2 0.0000 0.0000 0.000 2
     285    2.369  2 0.0000 0.0000 0.000 2
     286    2.377  2 0.0000 0.0000 0.000 2
     287    2.385  2 0.0000 0.0000 0.000 2
     288    2.394  2 0.0000 0.0000 0.000 2
     289    2.402  2 0.0000 0.0000 0.000 2
     290    2.410  2 0.0000 0.0000 0.000 2
     291    2.419  2 0.0000 0.0000 0.000 2
     292    2.427  2 0.0000 0.0000 0.000 2
     293    2.435  2 0.0000 0.0000 0.000 2
     294    2.444  2 0.0000 0.0000 0.000 2
     295    2.452  2 0.0000 0.0000 0.000 2
     296    2.460  2 0.0000 0.0000 0.000 2
     297    2.469  2 0.0000 0.0000 0.000 2
     298    2.477  2 0.0000 0.0000 0.000 2
     299    2.485  2 0.0000 0.0000 0.000 2
     300    2.494  2 0.0000 0.0000 0.000 2
     301    2.502  2 0.0000 0.0000 0.000 2
     302    2.510  2 0.0000 0.0000 0.000 2
     303    2.519  2 0.0000 0.0000 0.000 2
     304    2.527  2 0.0000 0.0000 0.000 2
     305    2.535  2 0.0000 0.0000 0.000 3
     306    2.544  2 0.0000 0.0000 0.000 3
     307    2.552  2 0.0000 0.0000 0.000 3
     308    2.560  2 0.0000 0.0000 0.000 3
     309    2.569  2 0.0000 0.0000 0.000 3
     310    2.577  2 0.0000 0.0000 0.000 3
     311    2.585  2 0.0000 0.0000 0.000 3
     312    2.594  2 0.0000 0.0000 0.000 3
     313    2.602  2 0.0000 0.0000 0.000 3
     314    2.610  2 0.0000 0.0000 0.000 3
     315    2.619  2 0.0000 0.0000 0.000 3
     316    2.627  2 0.0000 0.0000 0.000 3
     317    2.635  2 0.0000 0.0000 0.000 3
     318    2.644  2 0.0000 0.0000 0.000 3
     319    2.652  2 0.0000 0.0000 0.000 3
     320    2.660  2 0.0000 0.0000 0.000 3
     321    2.669  2 0.0000 0.0000 0.000 3
     322    2.677  2 0.0000 0.0000 0.000 3
     323    2.685  2 0.0000 0.0000 0.000 3
     324    2.694  2 0.0000 0.0000 0.000 3
     325    2.702  2 0.0000 0.0000 0.000 3
     326    2.710  2 0.0000 0.0000 0.000 3
     327    2.719  2 0.0000 0.0000 0.000 3
     328    2.727  2 0.0000 0.0000 0.000 3
     329    2.735  2 0.0000 0.0000 0.000 3
     330    2.744  2 0.0000 0.0000 0.000 3
     331    2.752  2 0.0000 0.0000 0.000 3
     332    2.760  2 0.0000 0.0000 0.000 3
     333    2.769  2 0.0000 0.0000 0.000 3
     334    2.777  2 0.0000 0.0000 0.000 3
     335    2.785  2 0.0000 0.0000 0.000 3
     336    2.794  2 0.0000 0.0000 0.000 3
     337    2.802  2 0.0000 0.0000 0.000 3
     338    2.810  2 0.0000 0.0000 0.000 3
     339    2.819  2 0.0000 0.0000 0.000 3
     340    2.827  2 0.0000 0.0000 0.000 3
     341    2.835  2 0.0000 0.0000 0.000 3
     342    2.844  2 0.0000 0.0000 0.000 3
     343    2.852  2 0.0000 0.0000 0.000 3
     344    2.860  2 0.0000 0.0000 0.000 3
     345    2.869  2 0.0000 0.0000 0.000 3
     346    2.877  2 0.0000 0.0000 0.000 3
     347    2.885  2 0.0000 0.0000 0.000 3
     348    2.894  2 0.0000 0.0000 0.000 3
     349    2.902  2 0.0000 0.0000 0.000 3
     350    2.910  2 0.0000 0.0000 0.000 3
     351    2.919  2 0.0000 0.0000 0.000 3
     352    2.927  2 0.0000 0.0000 0.000 3
     353    2.935  2 0.0000 0.0000 0.000 3
     354    2.944  2 0.0000 0.0000 0.000 3
     355    2.952  2 0.0000 0.0000 0.000 3
     356    2.960  2 0.0000 0.0000 0.000 3
     357    2.969  2 0.0000 0.0000 0.000 3
     358    2.977  2 0.0000 0.0000 0.000 3
     359    2.985  2 0.0000 0.0000 0.000 3
     360    2.994  2 0.0000 0.0000 0.000 3
     361    3.002  2 0.0000 0.0000 0.000 3
     362    3.010  2 0.0000 0.0000 0.000 3
     363    3.019  2 0.0000 0.0000 0.000 3
     364    3.027  2 0.0000 0.0000 0.000 3
     365    3.035  2 0.0000 0.0000 0.000 3
     366    3.044  2 0.0000 0.0000 0.000 3
     367    3.052  2 0.0000 0.0000 0.000 3
     368    3.060  2 0.0000 0.0000 0.000 3
     369    3.069  2 0.0000 0.0000 0.000 3
     370    3.077  2 0.0000 0.0000 0.000 3
     371    3.085  2 0.0000 0.0000 0.000 3
     372    3.094  2 0.0000 0.0000 0.000 3
     373    3.102  2 0.0000 0.0000 0.000 3
     374    3.110  2 0.0000 0.0000 0.000 3
     375    3.119  2 0.0000 0.0000 0.000 3
     376    3.127  2 0.0000 0.0000 0.000 3
     377    3.135  2 0.0000 0.0000 0.000 3
     378    3.144  2 0.0000 0.0000 0.000 3
     379    3.152  2 0.0000 0.0000 0.000 3
     380    3.161  2 0.0000 0.0000 0.000 3
     381    3.169  2 0.0000 0.0000 0.000 3
     382    3.177  2 0.0000 0.0000 0.000 3
     383    3.185  2 0.0000 0.0000 0.000 3
     384    3.194  2 0.0000 0.0000 0.000 3
     385    3.202  2 0.0000 0.0000 0.000 3
     386    3.210  2 0.0000 0.0000 0.000 3
     387    3.219  2 0.0000 0.0000 0.000 3
     388    3.227  2 0.0000 0.0000 0.000 3
     389    3.235  2 0.0000 0.0000 0.000 3
     390    3.244  2 0.0000 0.0000 0.000 3
     391    3.252  2 0.0000 0.0000 0.000 3
     392    3.260  2 0.0000 0.0000 0.000 3
     393    3.269  2 0.0000 0.0000 0.000 3
     394    3.277  2 0.0000 0.0000 0.000 3
     395    3.285  2 0.0000 0.0000 0.000 3
     396    3.294  2 0.0000 0.0000 0.000 3
     397    3.302  2 0.0000 0.0000 0.000 3
     398    3.310  2 0.0000 0.0000 0.000 3
     399    3.319  2 0.0000 0.0000 0.000 3
     400    3.327  2 0.0000 0.0000 0.000 3
     401    3.335  2 0.0000 0.0000 0.000 3
     402    3.344  2 0.0000 0.0000 0.000 3
     403    3.352  2 0.0000 0.0000 0.000 3
     404    3.360  2 0.0000 0.0000 0.000 3
     405    3.369  2 0.0000 0.0000 0.000 3
     406    3.377  2 0.0000 0.0000 0.000 3
     407    3.385  2 0.0000 0.0000 0.000 3
     408    3.394  2 0.0000 0.0000 0.000 3
     409    3.402  2 0.0000 0.0000 0.000 3
     410    3.410  2 0.0000 0.0000 0.000 3
     411    3.419  2 0.0000 0.0000 0.000 3
     412    3.427  2 0.0000 0.0000 0.000 3
     413    3.435  2 0.0000 0.0000 0.000 3
     414    3.444  2 0.0000 0.0000 0.000 3
     415    3.452  2 0.0000 0.0000 0.000 3
     416    3.460  2 0.0000 0.0000 0.000 3
     417    3.469  2 0.0000 0.0000 0.000 3
     418    3.477  2 0.0000 0.0000 0.000 3
     419    3.485  2 0.0000 0.0000 0.000 3
     420    3.494  2 0.0000 0.0000 0.000 3
     421    3.502  2 0.0000 0.0000 0.000 3
     422    3.510  2 0.0000 0.0000 0.000 3
     423    3.519  2 0.0000 0.0000 0.000 3
     424    3.527  2 0.0000 0.0000 0.000 3
     425    3.535  2 0.0000 0.0000 0.000 3
     426    3.544  2 0.0000 0.0000 0.000 3
     427    3.552  2 0.0000 0.0000 0.000 3
     428    3.560  2 0.0000 0.0000 0.000 3
     429    3.569  2 0.0000 0.0000 0.000 3
     430    3.577  2 0.0000 0.0000 0.000 3
     431    3.585  2 0.0000 0.0000 0.000 3
     432    3.594  2 0.0000 0.0000 0.000 3
     433    3.602  2 0.0000 0.0000 0.000 3
     434    3.610  2 0.0000 0.0000 0.000 3
     435    3.619  2 0.0000 0.0000 0.000 3
     436    3.627  2 0.0000 0.0000 0.000 3
     437    3.635  2 0.0000 0.0000 0.000 3
     438    3.644  2 0.0000 0.0000 0.000 3
     439    3.652  2 0.0000 0.0000 0.000 3
     440    3.660  2 0.0000 0.0000 0.000 3
     441    3.669  2 0.0000 0.0000 0.000 3
     442    3.677  2 0.0000 0.0000 0.000 3
     443    3.685  2 0.0000 0.0000 0.000 3
     444    3.694  2 0.0000 0.0000 0.000 3
     445    3.702  2 0.0000 0.0000 0.000 3
     446    3.710  2 0.0000 0.0000 0.000 3
     447    3.719  2 0.0000 0.0000 0.000 3
     448    3.727  2 0.0000 0.0000 0.000 3
     449    3.735  2 0.0000 0.0000 0.000 3
     450    3.744  2 0.0000 0.0000 0.000 3
     451    3.752  2 0.0000 0.0000 0.000 3
     452    3.760  2 0.0000 0.0000 0.000 3
     453    3.769  2 0.0000 0.0000 0.000 3
     454    3.777  2 0.0000 0.0000 0.000 3
     455    3.785  2 0.0000 0.0000 0.000 3
     456    3.794  2 0.0000 0.0000 0.000 3
     457    3.802  2 0.0000 0.0000 0.000 3
     458    3.810  2 0.0000 0.0000 0.000 3
     459    3.819  2 0.0000 0.0000 0.000 3
     460    3.827  2 0.0000 0.0000 0.000 4
     461    3.835  2 0.0000 0.0000 0.000 4
     462    3.844  2 0.0000 0.0000 0.000 4
     463    3.852  2 0.0000 0.0000 0.000 4
     464    3.860  2 0.0000 0.0000 0.000 4
     465    3.869  2 0.0000 0.0000 0.000 4
     466    3.877  2 0.0000 0.0000 0.000 4
     467    3.885  2 0.0000 0.0000 0.000 4
     468    3.894  2 0.0000 0.0000 0.000 4
     469    3.902  2 0.0000 0.0000 0.000 4
     470    3.911  2 0.0000 0.0000 0.000 4
     471    3.919  2 0.0000 0.0000 0.000 4
     472    3.927  2 0.0000 0.0000 0.000 4
     473    3.935  2 0.0000 0.0000 0.000 4
     474    3.944  2 0.0000 0.0000 0.000 4
     475    3.952  2 0.0000 0.0000 0.000 4
     476    3.961  2 0.0000 0.0000 0.000 4
     477    3.969  2 0.0000 0.0000 0.000 4
     478    3.977  2 0.0000 0.0000 0.000 4
     479    3.986  2 0.0000 0.0000 0.000 4
     480    3.994  2 0.0000 0.0000 0.000 4
     481    4.002  0 0.0000 0.0000 0.000 4
     482    4.010  0 0.0000 0.0000 0.000 4
     483    4.019  0 0.0000 0.0000 0.000 4
     484    4.027  0 0.0000 0.0000 0.000 4
     485    4.035  0 0.0000 0.0000 0.000 4
     486    4.044  0 0.0000 0.0000 0.000 4
     487    4.052  0 0.0000 0.0000 0.000 4
     488    4.060  0 0.0000 0.0000 0.000 4
     489    4.069  0 0.0000 0.0000 0.000 4
     490    4.077  0 0.0000 0.0000 0.000 4
     491    4.085  0 0.0000 0.0000 0.000 4
     492    4.094  0 0.0000 0.0000 0.000 4
     493    4.102  0 0.0000 0.0000 0.000 4
     494    4.110  0 0.0000 0.0000 0.000 4
     495    4.119  0 0.0000 0.0000 0.000 4
     496    4.127  0 0.0000 0.0000 0.000 4
     497    4.135  0 0.0000 0.0000 0.000 4
     498    4.144  0 0.0000 0.0000 0.000 4
     499    4.152  0 0.0000 0.0000 0.000 4
     500    4.160  0 0.0000 0.0000 0.000 4
     501    4.169  0 0.0000 0.0000 0.000 4
     502    4.177  0 0.0000 0.0000 0.000 4
     503    4.185  0 0.0000 0.0000 0.000 4
     504    4.194  0 0.0000 0.0000 0.000 4
     505    4.202  0 0.0000 0.0000 0.000 4
     506    4.210  0 0.0000 0.0000 0.000 4
     507    4.219  0 0.0000 0.0000 0.000 4
     508    4.227  0 0.0000 0.0000 0.000 4
     509    4.235  0 0.0000 0.0000 0.000 4
     510    4.244  0 0.0000 0.0000 0.000 4
     511    4.252  0 0.0000 0.0000 0.000 4
     512    4.260  0 0.0000 0.0000 0.000 4
     513    4.269  0 0.0000 0.0000 0.000 4
     514    4.277  0 0.0000 0.0000 0.000 4
     515    4.285  0 0.0000 0.0000 0.000 4
     516    4.294  0 0.0000 0.0000 0.000 4
     517    4.302  0 0.0000 0.0000 0.000 4
     518    4.310  0 0.0000 0.0000 0.000 4
     519    4.319  0 0.0000 0.0000 0.000 4
     520    4.327  0 0.0000 0.0000 0.000 4
     521    4.335  0 0.0000 0.0000 0.000 4
     522    4.344  0 0.0000 0.0000 0.000 4
     523    4.352  0 0.0000 0.0000 0.000 4
     524    4.360  0 0.0000 0.0000 0.000 4
     525    4.369  0 0.0000 0.0000 0.000 4
     526    4.377  0 0.0000 0.0000 0.000 4
     527    4.385  0 0.0000 0.0000 0.000 4
     528    4.394  0 0.0000 0.0000 0.000 4
     529    4.402  0 0.0000 0.0000 0.000 4
     530    4.410  0 0.0000 0.0000 0.000 4
     531    4.419  0 0.0000 0.0000 0.000 4
     532    4.427  0 0.0000 0.0000 0.000 4
     533    4.435  0 0.0000 0.0000 0.000 4
     534    4.444  0 0.0000 0.0000 0.000 4
     535    4.452  0 0.0000 0.0000 0.000 4
     536    4.460  0 0.0000 0.0000 0.000 4
     537    4.469  0 0.0000 0.0000 0.000 4
     538    4.477  0 0.0000 0.0000 0.000 4
     539    4.485  0 0.0000 0.0000 0.000 4
     540    4.494  0 0.0000 0.0000 0.000 4
     541    4.502  0 0.0000 0.0000 0.000 4
     542    4.510  0 0.0000 0.0000 0.000 4
     543    4.519  0 0.0000 0.0000 0.000 4
     544    4.527  0 0.0000 0.0000 0.000 4
     545    4.535  0 0.0000 0.0000 0.000 4
     546    4.544  0 0.0000 0.0000 0.000 4
     547    4.552  0 0.0000 0.0000 0.000 4
     548    4.560  0 0.0000 0.0000 0.000 4
     549    4.569  0 0.0000 0.0000 0.000 4
     550    4.577  0 0.0000 0.0000 0.000 4
     551    4.585  0 0.0000 0.0000 0.000 4
     552    4.594  0 0.0000 0.0000 0.000 4
     553    4.602  0 0.0000 0.0000 0.000 4
     554    4.610  0 0.0000 0.0000 0.000 4
     555    4.619  0 0.0000 0.0000 0.000 4
     556    4.627  0 0.0000 0.0000 0.000 4
     557    4.635  0 0.0000 0.0000 0.000 4
     558    4.644  0 0.0000 0.0000 0.000 4
     559    4.652  0 0.0000 0.0000 0.000 4
     560    4.660  0 0.0000 0.0000 0.000 4
     561    4.669  0 0.0000 0.0000 0.000 4
     562    4.677  0 0.0000 0.0000 0.000 4
     563    4.685  0 0.0000 0.0000 0.000 4
     564    4.694  0 0.0000 0.0000 0.000 4
     565    4.702  0 0.0000 0.0000 0.000 4
     566    4.710  0 0.0000 0.0000 0.000 4
     567    4.719  0 0.0000 0.0000 0.000 4
     568    4.727  0 0.0000 0.0000 0.000 4
     569    4.735  0 0.0000 0.0000 0.000 4
     570    4.744  0 0.0000 0.0000 0.000 4
     571    4.752  0 0.0000 0.0000 0.000 4
     572    4.760  0 0.0000 0.0000 0.000 4
     573    4.769  0 0.0000 0.0000 0.000 4
     574    4.777  0 0.0000 0.0000 0.000 4
     575    4.785  0 0.0000 0.0000 0.000 4
     576    4.794  0 0.0000 0.0000 0.000 4
     577    4.802  0 0.0000 0.0000 0.000 4
     578    4.810  0 0.0000 0.0000 0.000 4
     579    4.819  0 0.0000 0.0000 0.000 4
     580    4.827  0 0.0000 0.0000 0.000 4
     581    4.835  0 0.0000 0.0000 0.000 4
     582    4.844  0 0.0000 0.0000 0.000 4
     583    4.852  0 0.0000 0.0000 0.000 4
     584    4.860  0 0.0000 0.0000 0.000 4
     585    4.869  0 0.0000 0.0000 0.000 4
     586    4.877  0 0.0000 0.0000 0.000 4
     587    4.885  0 0.0000 0.0000 0.000 4
     588    4.894  0 0.0000 0.0000 0.000 4
     589    4.902  0 0.0000 0.0000 0.000 4
     590    4.910  0 0.0000 0.0000 0.000 4
     591    4.919  0 0.0000 0.0000 0.000 4
     592    4.927  0 0.0000 0.0000 0.000 4
     593    4.935  0 0.0000 0.0000 0.000 4
     594    4.944  0 0.0000 0.0000 0.000 4
     595    4.952  0 0.0000 0.0000 0.000 4
     596    4.960  0 0.0000 0.0000 0.000 4
     597    4.969  0 0.0000 0.0000 0.000 4
     598    4.977  0 0.0000 0.0000 0.000 4
     599    4.985  0 0.0000 0.0000 0.000 4
     600    4.994  0 0.0000 0.0000 0.000 4
     601    5.002  0 0.0000 0.0000 0.000 4
     602    5.010  0 0.0000 0.0000 0.000 4
     603    5.019  0 0.0000 0.0000 0.000 4
     604    5.027  0 0.0000 0.0000 0.000 4
     605    5.035  0 0.0000 0.0000 0.000 4
     606    5.044  0 0.0000 0.0000 0.000 4
     607    5.052  0 0.0000 0.0000 0.000 4
     608    5.060  0 0.0000 0.0000 0.000 4
     609    5.069  0 0.0000 0.0000 0.000 4
     610    5.077  0 0.0000 0.0000 0.000 4
     611    5.085  0 0.0000 0.0000 0.000 4
     612    5.094  0 0.0000 0.0000 0.000 4
     613    5.102  0 0.0000 0.0000 0.000 4
     614    5.110  0 0.0000 0.0000 0.000 4
     615    5.119  0 0.0000 0.0000 0.000 4
     616    5.127  0 0.0000 0.0000 0.000 5
     617    5.135  0 0.0000 0.0000 0.000 5
     618    5.144  0 0.0000 0.0000 0.000 5
     619    5.152  0 0.0000 0.0000 0.000 5
     620    5.160  0 0.0000 0.0000 0.000 5
     621    5.169  0 0.0000 0.0000 0.000 5
     622    5.177  0 0.0000 0.0000 0.000 5
     623    5.185  0 0.0000 0.0000 0.000 5
     624    5.194  0 0.0000 0.0000 0.000 5
     625    5.202  0 0.0000 0.0000 0.000 5
     626    5.210  0 0.0000 0.0000 0.000 5
     627    5.219  0 0.0000 0.0000 0.000 5
     628    5.227  0 0.0000 0.0000 0.000 5
     629    5.235  0 0.0000 0.0000 0.000 5
     630    5.244  0 0.0000 0.0000 0.000 5
     631    5.252  0 0.0000 0.0000 0.000 5
     632    5.260  0 0.0000 0.0000 0.000 5
     633    5.269  0 0.0000 0.0000 0.000 5
     634    5.277  0 0.0000 0.0000 0.000 5
     635    5.285  0 0.0000 0.0000 0.000 5
     636    5.294  0 0.0000 0.0000 0.000 5
     637    5.302  0 0.0000 0.0000 0.000 5
     638    5.310  0 0.0000 0.0000 0.000 5
     639    5.319  0 0.0000 0.0000 0.000 5
     640    5.327  0 0.0000 0.0000 0.000 5
     641    5.335  0 0.0000 0.0000 0.000 5
     642    5.344  0 0.0000 0.0000 0.000 5
     643    5.352  0 0.0000 0.0000 0.000 5
     644    5.360  0 0.0000 0.0000 0.000 5
     645    5.369  0 0.0000 0.0000 0.000 5
     646    5.377  0 0.0000 0.0000 0.000 5
     647    5.385  0 0.0000 0.0000 0.000 5
     648    5.394  0 0.0000 0.0000 0.000 5
     649    5.402  0 0.0000 0.0000 0.000 5
     650    5.410  0 0.0000 0.0000 0.000 5
     651    5.419  0 0.0000 0.0000 0.000 5
     652    5.427  0 0.0000 0.0000 0.000 5
     653    5.435  0 0.0000 0.0000 0.000 5
     654    5.444  0 0.0000 0.0000 0.000 5
     655    5.452  0 0.0000 0.0000 0.000 5
     656    5.460  0 0.0000 0.0000 0.000 5
     657    5.469  0 0.0000 0.0000 0.000 5
     658    5.477  0 0.0000 0.0000 0.000 5
     659    5.485  0 0.0000 0.0000 0.000 5
     660    5.494  0 0.0000 0.0000 0.000 5
     661    5.502  0 0.0000 0.0000 0.000 5
     662    5.510  0 0.0000 0.0000 0.000 5
     663    5.519  0 0.0000 0.0000 0.000 5
     664    5.527  0 0.0000 0.0000 0.000 5
     665    5.535  0 0.0000 0.0000 0.000 5
     666    5.544  0 0.0000 0.0000 0.000 5
     667    5.552  0 0.0000 0.0000 0.000 5
     668    5.560  0 0.0000 0.0000 0.000 5
     669    5.569  0 0.0000 0.0000 0.000 5
     670    5.577  0 0.0000 0.0000 0.000 5
     671    5.585  0 0.0000 0.0000 0.000 5
     672    5.594  0 0.0000 0.0000 0.000 5
     673    5.602  0 0.0000 0.0000 0.000 5
     674    5.610  0 0.0000 0.0000 0.000 5
     675    5.619  0 0.0000 0.0000 0.000 5
     676    5.627  0 0.0000 0.0000 0.000 5
     677    5.635  0 0.0000 0.0000 0.000 5
     678    5.644  0 0.0000 0.0000 0.000 5
     679    5.652  0 0.0000 0.0000 0.000 5
     680    5.660  0 0.0000 0.0000 0.000 5
     681    5.669  0 0.0000 0.0000 0.000 5
     682    5.677  0 0.0000 0.0000 0.000 5
     683    5.685  0 0.0000 0.0000 0.000 5
     684    5.694  0 0.0000 0.0000 0.000 5
     685    5.702  0 0.0000 0.0000 0.000 5
     686    5.710  0 0.0000 0.0000 0.000 5
     687    5.719  0 0.0000 0.0000 0.000 5
     688    5.727  0 0.0000 0.0000 0.000 5
     689    5.735  0 0.0000 0.0000 0.000 5
     690    5.744  0 0.0000 0.0000 0.000 5
     691    5.752  0 0.0000 0.0000 0.000 5
     692    5.760  0 0.0000 0.0000 0.000 5
     693    5.769  0 0.0000 0.0000 0.000 5
     694    5.777  0 0.0000 0.0000 0.000 5
     695    5.785  0 0.0000 0.0000 0.000 5
     696    5.794  0 0.0000 0.0000 0.000 5
     697    5.802  0 0.0000 0.0000 0.000 5
     698    5.810  0 0.0000 0.0000 0.000 5
     699    5.819  0 0.0000 0.0000 0.000 5
     700    5.827  0 0.0000 0.0000 0.000 5
     701    5.835  0 0.0000 0.0000 0.000 5
     702    5.844  0 0.0000 0.0000 0.000 5
     703    5.852  0 0.0000 0.0000 0.000 5
     704    5.860  0 0.0000 0.0000 0.000 5
     705    5.869  0 0.0000 0.0000 0.000 5
     706    5.877  0 0.0000 0.0000 0.000 5
     707    5.885  0 0.0000 0.0000 0.000 5
     708    5.894  0 0.0000 0.0000 0.000 5
     709    5.902  0 0.0000 0.0000 0.000 5
     710    5.910  0 0.0000 0.0000 0.000 5
     711    5.919  0 0.0000 0.0000 0.000 5
     712    5.927  0 0.0000 0.0000 0.000 5
     713    5.935  0 0.0000 0.0000 0.000 5
     714    5.944  0 0.0000 0.0000 0.000 5
     715    5.952  0 0.0000 0.0000 0.000 5
     716    5.960  0 0.0000 0.0000 0.000 5
     717    5.969  0 0.0000 0.0000 0.000 5
     718    5.977  0 0.0000 0.0000 0.000 5
     719    5.985  0 0.0000 0.0000 0.000 5
     720    5.994  0 0.0000 0.0000 0.000 5
     721    6.002  0 0.0000 0.0000 0.000 5
     722    6.010  2 0.0000 0.0000 0.000 5
     723    6.019  2 0.0000 0.0000 0.000 5
     724    6.027  2 0.0000 0.0000 0.000 5
     725    6.035  2 0.0000 0.0000 0.000 5
     726    6.044  2 0.0000 0.0000 0.000 5
     727    6.052  2 0.0000 0.0000 0.000 5
     728    6.060  2 0.0000 0.0000 0.000 5
     729    6.069  2 0.0000 0.0000 0.000 5
     730    6.077  2 0.0000 0.0000 0.000 5
     731    6.085  2 0.0000 0.0000 0.000 5
     732    6.094  2 0.0000 0.0000 0.000 5
     733    6.102  2 0.0000 0.0000 0.000 5
     734    6.110  2 0.0000 0.0000 0.000 5
     735    6.119  2 0.0000 0.0000 0.000 5
     736    6.127  2 0.0000 0.0000 0.000 5
     737    6.135  2 0.0000 0.0000 0.000 5
     738    6.144  2 0.0000 0.0000 0.000 5
     739    6.152  2 0.0000 0.0000 0.000 5
     740    6.161  2 0.0000 0.0000 0.000 5
     741    6.169  2 0.0000 0.0000 0.000 5
     742    6.177  2 0.0000 0.0000 0.000 5
     743    6.185  2 0.0000 0.0000 0.000 5
     744    6.194  2 0.0000 0.0000 0.000 5
     745    6.202  2 0.0000 0.0000 0.000 5
     746    6.210  2 0.0000 0.0000 0.000 5
     747    6.219  2 0.0000 0.0000 0.000 5
     748    6.227  2 0.0000 0.0000 0.000 5
     749    6.235  2 0.0000 0.0000 0.000 5
     750    6.244  2 0.0000 0.0000 0.000 5
     751    6.252  2 0.0000 0.0000 0.000 5
     752    6.260  2 0.0000 0.0000 0.000 5
     753    6.269  2 0.0000 0.0000 0.000 5
     754    6.277  2 0.0000 0.0000 0.000 5
     755    6.285  2 0.0000 0.0000 0.000 5
     756    6.294  2 0.0000 0.0000 0.000 5
     757    6.302  2 0.0000 0.0000 0.000 5
     758    6.310  2 0.0000 0.0000 0.000 5
     759    6.319  2 0.0000 0.0000 0.000 5
     760    6.327  2 0.0000 0.0000 0.000 5
     761    6.335  2 0.0000 0.0000 0.000 5
     762    6.344  2 0.0000 0.0000 0.000 5
     763    6.352  2 0.0000 0.0000 0.000 5
     764    6.360  2 0.0000 0.0000 0.000 5
     765    6.369  2 0.0000 0.0000 0.000 5
     766    6.377  2 0.0000 0.0000 0.000 5
     767    6.385  2 0.0000 0.0000 0.000 5
     768    6.394  2 0.0000 0.0000 0.000 5
     769    6.402  2 0.0000 0.0000 0.000 5
     770    6.410  2 0.0000 0.0000 0.000 5
     771    6.419  2 0.0000 0.0000 0.000 6
     772    6.427  2 0.0000 0.0000 0.000 6
     773    6.435  2 0.0000 0.0000 0.000 6
     774    6.444  2 0.0000 0.0000 0.000 6
     775    6.452  2 0.0000 0.0000 0.000 6
     776    6.460  2 0.0000 0.0000 0.000 6
     777    6.469  2 0.0000 0.0000 0.000 6
     778    6.477  2 0.0000 0.0000 0.000 6
     779    6.485  2 0.0000 0.0000 0.000 6
     780    6.494  2 0.0000 0.0000 0.000 6
     781    6.502  2 0.0000 0.0000 0.000 6
     782    6.510  2 0.0000 0.0000 0.000 6
     783    6.519  2 0.0000 0.0000 0.000 6
     784    6.527  2 0.0000 0.0000 0.000 6
     785    6.535  2 0.0000 0.0000 0.000 6
     786    6.544  2 0.0000 0.0000 0.000 6
     787    6.552  2 0.0000 0.0000 0.000 6
     788    6.560  2 0.0000 0.0000 0.000 6
     789    6.569  2 0.0000 0.0000 0.000 6
     790    6.577  2 0.0000 0.0000 0.000 6
     791    6.585  2 0.0000 0.0000 0.000 6
     792    6.594  2 0.0000 0.0000 0.000 6
     793    6.602  2 0.0000 0.0000 0.000 6
     794    6.610  2 0.0000 0.0000 0.000 6
     795    6.619  2 0.0000 0.0000 0.000 6
     796    6.627  2 0.0000 0.0000 0.000 6
     797    6.635  2 0.0000 0.0000 0.000 6
     798    6.644  2 0.0000 0.0000 0.000 6
     799    6.652  2 0.0000 0.0000 0.000 6
     800    6.660  2 0.0000 0.0000 0.000 6
     801    6.669  2 0.0000 0.0000 0.000 6
     802    6.677  2 0.0000 0.0000 0.000 6
     803    6.685  2 0.0000 0.0000 0.000 6
     804    6.694  2 0.0000 0.0000 0.000 6
     805    6.702  2 0.0000 0.0000 0.000 6
     806    6.710  2 0.0000 0.0000 0.000 6
     807    6.719  2 0.0000 0.0000 0.000 6
     808    6.727  2 0.0000 0.0000 0.000 6
     809    6.735  2 0.0000 0.0000 0.000 6
     810    6.744  2 0.0000 0.0000 0.000 6
     811    6.752  2 0.0000 0.0000 0.000 6
     812    6.760  2 0.0000 0.0000 0.000 6
     813    6.769  2 0.0000 0.0000 0.000 6
     814    6.777  2 0.0000 0.0000 0.000 6
     815    6.785  2 0.0000 0.0000 0.000 6
     816    6.794  2 0.0000 0.0000 0.000 6
     817    6.802  2 0.0000 0.0000 0.000 6
     818    6.810  2 0.0000 0.0000 0.000 6
     819    6.819  2 0.0000 0.0000 0.000 6
     820    6.827  2 0.0000 0.0000 0.000 6
     821    6.835  2 0.0000 0.0000 0.000 6
     822    6.844  2 0.0000 0.0000 0.000 6
     823    6.852  2 0.0000 0.0000 0.000 6
     824    6.860  2 0.0000 0.0000 0.000 6
     825    6.869  2 0.0000 0.0000 0.000 6
     826    6.877  2 0.0000 0.0000 0.000 6
     827    6.885  2 0.0000 0.0000 0.000 6
     828    6.894  2 0.0000 0.0000 0.000 6
     829    6.902  2 0.0000 0.0000 0.000 6
     830    6.910  2 0.0000 0.0000 0.000 6
     831    6.919  2 0.0000 0.0000 0.000 6
     832    6.927  2 0.0000 0.0000 0.000 6
     833    6.935  2 0.0000 0.0000 0.000 6
     834    6.944  2 0.0000 0.0000 0.000 6
     835    6.952  2 0.0000 0.0000 0.000 6
     836    6.960  2 0.0000 0.0000 0.000 6
     837    6.969  2 0.0000 0.0000 0.000 6
     838    6.977  2 0.0000 0.0000 0.000 6
     839    6.985  2 0.0000 0.0000 0.000 6
     840    6.994  2 0.0000 0.0000 0.000 6
     841    7.002  2 0.0000 0.0000 0.000 6
     842    7.010  2 0.0000 0.0000 0.000 6
     843    7.019  2 0.0000 0.0000 0.000 6
     844    7.027  2 0.0000 0.0000 0.000 6
     845    7.035  2 0.0000 0.0000 0.000 6
     846    7.044  2 0.0000 0.0000 0.000 6
     847    7.052  2 0.0000 0.0000 0.000 6
     848    7.060  2 0.0000 0.0000 0.000 6
     849    7.069  2 0.0000 0.0000 0.000 6
     850    7.077  2 0.0000 0.0000 0.000 6
     851    7.085  2 0.0000 0.0000 0.000 6
     852    7.094  2 0.0000 0.0000 0.000 6
     853    7.102  2 0.0000 0.0000 0.000 6
     854    7.110  2 0.0000 0.0000 0.000 6
     855    7.119  2 0.0000 0.0000 0.000 6
     856    7.127  2 0.0000 0.0000 0.000 6
     857    7.135  2 0.0000 0.0000 0.000 6
     858    7.144  2 0.0000 0.0000 0.000 6
     859    7.152  2 0.0000 0.0000 0.000 6
     860    7.161  2 0.0000 0.0000 0.000 6
     861    7.169  2 0.0000 0.0000 0.000 6
     862    7.177  2 0.0000 0.0000 0.000 6
     863    7.185  2 0.0000 0.0000 0.000 6
     864    7.194  2 0.0000 0.0000 0.000 6
     865    7.202  2 0.0000 0.0000 0.000 6
     866    7.210  2 0.0000 0.0000 0.000 6
     867    7.219  2 0.0000 0.0000 0.000 6
     868    7.227  2 0.0000 0.0000 0.000 6
     869    7.235  2 0.0000 0.0000 0.000 6
     870    7.244  2 0.0000 0.0000 0.000 6
     871    7.252  2 0.0000 0.0000 0.000 6
     872    7.260  2 0.0000 0.0000 0.000 6
     873    7.269  2 0.0000 0.0000 0.000 6
     874    7.277  2 0.0000 0.0000 0.000 6
     875    7.285  2 0.0000 0.0000 0.000 6
     876    7.294  2 0.0000 0.0000 0.000 6
     877    7.302  2 0.0000 0.0000 0.000 6
