C:\Users\Clandininlab\Desktop\2pstim_wNI_LB\Debug\Data\fullfieldcontrast_1s.txt 
       1    0.028  0 0.0000 0.0000 0.000 1
       2    0.031  0 0.0000 0.0000 0.000 1
       3    0.034  0 0.0000 0.0000 0.000 1
       4    0.036  0 0.0000 0.0000 0.000 1
       5    0.039  0 0.0000 0.0000 0.000 1
       6    0.043  0 0.0000 0.0000 0.000 1
       7    0.052  0 0.0000 0.0000 0.000 1
       8    0.060  0 0.0000 0.0000 0.000 1
       9    0.069  0 0.0000 0.0000 0.000 1
      10    0.077  0 0.0000 0.0000 0.000 1
      11    0.086  0 0.0000 0.0000 0.000 1
      12    0.093  0 0.0000 0.0000 0.000 1
      13    0.102  0 0.0000 0.0000 0.000 1
      14    0.110  0 0.0000 0.0000 0.000 1
      15    0.119  0 0.0000 0.0000 0.000 1
      16    0.127  0 0.0000 0.0000 0.000 1
      17    0.135  0 0.0000 0.0000 0.000 1
      18    0.143  0 0.0000 0.0000 0.000 1
      19    0.152  0 0.0000 0.0000 0.000 1
      20    0.160  0 0.0000 0.0000 0.000 1
      21    0.168  0 0.0000 0.0000 0.000 1
      22    0.177  0 0.0000 0.0000 0.000 1
      23    0.185  0 0.0000 0.0000 0.000 1
      24    0.194  0 0.0000 0.0000 0.000 1
      25    0.202  0 0.0000 0.0000 0.000 1
      26    0.210  0 0.0000 0.0000 0.000 1
      27    0.218  0 0.0000 0.0000 0.000 1
      28    0.227  0 0.0000 0.0000 0.000 1
      29    0.235  0 0.0000 0.0000 0.000 1
      30    0.243  0 0.0000 0.0000 0.000 1
      31    0.252  0 0.0000 0.0000 0.000 1
      32    0.260  0 0.0000 0.0000 0.000 1
      33    0.268  0 0.0000 0.0000 0.000 1
      34    0.277  0 0.0000 0.0000 0.000 1
      35    0.285  0 0.0000 0.0000 0.000 1
      36    0.294  0 0.0000 0.0000 0.000 1
      37    0.302  0 0.0000 0.0000 0.000 1
      38    0.310  0 0.0000 0.0000 0.000 1
      39    0.318  0 0.0000 0.0000 0.000 1
      40    0.327  0 0.0000 0.0000 0.000 1
      41    0.335  0 0.0000 0.0000 0.000 1
      42    0.343  0 0.0000 0.0000 0.000 1
      43    0.352  0 0.0000 0.0000 0.000 1
      44    0.360  0 0.0000 0.0000 0.000 1
      45    0.368  0 0.0000 0.0000 0.000 1
      46    0.377  0 0.0000 0.0000 0.000 1
      47    0.385  0 0.0000 0.0000 0.000 1
      48    0.393  0 0.0000 0.0000 0.000 1
      49    0.402  0 0.0000 0.0000 0.000 1
      50    0.410  0 0.0000 0.0000 0.000 1
      51    0.418  0 0.0000 0.0000 0.000 1
      52    0.427  0 0.0000 0.0000 0.000 1
      53    0.435  0 0.0000 0.0000 0.000 1
      54    0.443  0 0.0000 0.0000 0.000 1
      55    0.452  0 0.0000 0.0000 0.000 1
      56    0.460  0 0.0000 0.0000 0.000 1
      57    0.468  0 0.0000 0.0000 0.000 1
      58    0.477  0 0.0000 0.0000 0.000 1
      59    0.485  0 0.0000 0.0000 0.000 1
      60    0.493  0 0.0000 0.0000 0.000 1
      61    0.502  0 0.0000 0.0000 0.000 1
      62    0.510  0 0.0000 0.0000 0.000 1
      63    0.518  0 0.0000 0.0000 0.000 1
      64    0.527  0 0.0000 0.0000 0.000 1
      65    0.535  0 0.0000 0.0000 0.000 1
      66    0.543  0 0.0000 0.0000 0.000 1
      67    0.552  0 0.0000 0.0000 0.000 1
      68    0.560  0 0.0000 0.0000 0.000 1
      69    0.568  0 0.0000 0.0000 0.000 1
      70    0.577  0 0.0000 0.0000 0.000 1
      71    0.585  0 0.0000 0.0000 0.000 1
      72    0.593  0 0.0000 0.0000 0.000 1
      73    0.602  0 0.0000 0.0000 0.000 1
      74    0.610  0 0.0000 0.0000 0.000 1
      75    0.618  0 0.0000 0.0000 0.000 1
      76    0.627  0 0.0000 0.0000 0.000 1
      77    0.635  0 0.0000 0.0000 0.000 1
      78    0.643  0 0.0000 0.0000 0.000 1
      79    0.652  0 0.0000 0.0000 0.000 1
      80    0.660  0 0.0000 0.0000 0.000 1
      81    0.668  0 0.0000 0.0000 0.000 1
      82    0.677  0 0.0000 0.0000 0.000 1
      83    0.685  0 0.0000 0.0000 0.000 1
      84    0.693  0 0.0000 0.0000 0.000 1
      85    0.702  0 0.0000 0.0000 0.000 1
      86    0.710  0 0.0000 0.0000 0.000 1
      87    0.718  0 0.0000 0.0000 0.000 1
      88    0.727  0 0.0000 0.0000 0.000 1
      89    0.735  0 0.0000 0.0000 0.000 1
      90    0.743  0 0.0000 0.0000 0.000 1
      91    0.752  0 0.0000 0.0000 0.000 1
      92    0.760  0 0.0000 0.0000 0.000 1
      93    0.768  0 0.0000 0.0000 0.000 1
      94    0.777  0 0.0000 0.0000 0.000 1
      95    0.785  0 0.0000 0.0000 0.000 1
      96    0.793  0 0.0000 0.0000 0.000 1
      97    0.802  0 0.0000 0.0000 0.000 1
      98    0.810  0 0.0000 0.0000 0.000 1
      99    0.818  0 0.0000 0.0000 0.000 1
     100    0.827  0 0.0000 0.0000 0.000 1
     101    0.835  0 0.0000 0.0000 0.000 1
     102    0.843  0 0.0000 0.0000 0.000 1
     103    0.852  0 0.0000 0.0000 0.000 1
     104    0.860  0 0.0000 0.0000 0.000 1
     105    0.868  0 0.0000 0.0000 0.000 1
     106    0.877  0 0.0000 0.0000 0.000 1
     107    0.885  0 0.0000 0.0000 0.000 1
     108    0.893  0 0.0000 0.0000 0.000 1
     109    0.902  0 0.0000 0.0000 0.000 1
     110    0.910  0 0.0000 0.0000 0.000 1
     111    0.918  0 0.0000 0.0000 0.000 1
     112    0.927  0 0.0000 0.0000 0.000 1
     113    0.935  0 0.0000 0.0000 0.000 1
     114    0.943  0 0.0000 0.0000 0.000 1
     115    0.952  0 0.0000 0.0000 0.000 1
     116    0.960  0 0.0000 0.0000 0.000 1
     117    0.968  0 0.0000 0.0000 0.000 1
     118    0.977  0 0.0000 0.0000 0.000 1
     119    0.985  0 0.0000 0.0000 0.000 1
     120    0.993  0 0.0000 0.0000 0.000 1
     121    1.002  2 0.0000 0.0000 0.000 1
     122    1.010  2 0.0000 0.0000 0.000 1
     123    1.018  2 0.0000 0.0000 0.000 1
     124    1.027  2 0.0000 0.0000 0.000 1
     125    1.035  2 0.0000 0.0000 0.000 1
     126    1.043  2 0.0000 0.0000 0.000 1
     127    1.052  2 0.0000 0.0000 0.000 1
     128    1.060  2 0.0000 0.0000 0.000 1
     129    1.068  2 0.0000 0.0000 0.000 1
     130    1.077  2 0.0000 0.0000 0.000 1
     131    1.085  2 0.0000 0.0000 0.000 1
     132    1.093  2 0.0000 0.0000 0.000 1
     133    1.102  2 0.0000 0.0000 0.000 1
     134    1.110  2 0.0000 0.0000 0.000 1
     135    1.118  2 0.0000 0.0000 0.000 1
     136    1.127  2 0.0000 0.0000 0.000 1
     137    1.135  2 0.0000 0.0000 0.000 1
     138    1.143  2 0.0000 0.0000 0.000 1
     139    1.152  2 0.0000 0.0000 0.000 1
     140    1.160  2 0.0000 0.0000 0.000 1
     141    1.168  2 0.0000 0.0000 0.000 1
     142    1.177  2 0.0000 0.0000 0.000 1
     143    1.185  2 0.0000 0.0000 0.000 1
     144    1.193  2 0.0000 0.0000 0.000 1
     145    1.202  2 0.0000 0.0000 0.000 1
     146    1.210  2 0.0000 0.0000 0.000 1
     147    1.218  2 0.0000 0.0000 0.000 1
     148    1.227  2 0.0000 0.0000 0.000 1
     149    1.235  2 0.0000 0.0000 0.000 1
     150    1.243  2 0.0000 0.0000 0.000 2
     151    1.252  2 0.0000 0.0000 0.000 2
     152    1.260  2 0.0000 0.0000 0.000 2
     153    1.268  2 0.0000 0.0000 0.000 2
     154    1.277  2 0.0000 0.0000 0.000 2
     155    1.285  2 0.0000 0.0000 0.000 2
     156    1.293  2 0.0000 0.0000 0.000 2
     157    1.302  2 0.0000 0.0000 0.000 2
     158    1.310  2 0.0000 0.0000 0.000 2
     159    1.318  2 0.0000 0.0000 0.000 2
     160    1.327  2 0.0000 0.0000 0.000 2
     161    1.335  2 0.0000 0.0000 0.000 2
     162    1.343  2 0.0000 0.0000 0.000 2
     163    1.352  2 0.0000 0.0000 0.000 2
     164    1.360  2 0.0000 0.0000 0.000 2
     165    1.368  2 0.0000 0.0000 0.000 2
     166    1.377  2 0.0000 0.0000 0.000 2
     167    1.385  2 0.0000 0.0000 0.000 2
     168    1.393  2 0.0000 0.0000 0.000 2
     169    1.402  2 0.0000 0.0000 0.000 2
     170    1.410  2 0.0000 0.0000 0.000 2
     171    1.418  2 0.0000 0.0000 0.000 2
     172    1.427  2 0.0000 0.0000 0.000 2
     173    1.435  2 0.0000 0.0000 0.000 2
     174    1.443  2 0.0000 0.0000 0.000 2
     175    1.452  2 0.0000 0.0000 0.000 2
     176    1.460  2 0.0000 0.0000 0.000 2
     177    1.468  2 0.0000 0.0000 0.000 2
     178    1.477  2 0.0000 0.0000 0.000 2
     179    1.485  2 0.0000 0.0000 0.000 2
     180    1.493  2 0.0000 0.0000 0.000 2
     181    1.502  2 0.0000 0.0000 0.000 2
     182    1.510  2 0.0000 0.0000 0.000 2
     183    1.518  2 0.0000 0.0000 0.000 2
     184    1.527  2 0.0000 0.0000 0.000 2
     185    1.535  2 0.0000 0.0000 0.000 2
     186    1.543  2 0.0000 0.0000 0.000 2
     187    1.552  2 0.0000 0.0000 0.000 2
     188    1.561  2 0.0000 0.0000 0.000 2
     189    1.568  2 0.0000 0.0000 0.000 2
     190    1.577  2 0.0000 0.0000 0.000 2
     191    1.585  2 0.0000 0.0000 0.000 2
     192    1.593  2 0.0000 0.0000 0.000 2
     193    1.602  2 0.0000 0.0000 0.000 2
     194    1.610  2 0.0000 0.0000 0.000 2
     195    1.618  2 0.0000 0.0000 0.000 2
     196    1.627  2 0.0000 0.0000 0.000 2
     197    1.635  2 0.0000 0.0000 0.000 2
     198    1.643  2 0.0000 0.0000 0.000 2
     199    1.652  2 0.0000 0.0000 0.000 2
     200    1.660  2 0.0000 0.0000 0.000 2
     201    1.668  2 0.0000 0.0000 0.000 2
     202    1.677  2 0.0000 0.0000 0.000 2
     203    1.685  2 0.0000 0.0000 0.000 2
     204    1.693  2 0.0000 0.0000 0.000 2
     205    1.702  2 0.0000 0.0000 0.000 2
     206    1.710  2 0.0000 0.0000 0.000 2
     207    1.718  2 0.0000 0.0000 0.000 2
     208    1.727  2 0.0000 0.0000 0.000 2
     209    1.735  2 0.0000 0.0000 0.000 2
     210    1.743  2 0.0000 0.0000 0.000 2
     211    1.752  2 0.0000 0.0000 0.000 2
     212    1.760  2 0.0000 0.0000 0.000 2
     213    1.768  2 0.0000 0.0000 0.000 2
     214    1.777  2 0.0000 0.0000 0.000 2
     215    1.785  2 0.0000 0.0000 0.000 2
     216    1.793  2 0.0000 0.0000 0.000 2
     217    1.802  2 0.0000 0.0000 0.000 2
     218    1.810  2 0.0000 0.0000 0.000 2
     219    1.818  2 0.0000 0.0000 0.000 2
     220    1.827  2 0.0000 0.0000 0.000 2
     221    1.835  2 0.0000 0.0000 0.000 2
     222    1.843  2 0.0000 0.0000 0.000 2
     223    1.852  2 0.0000 0.0000 0.000 2
     224    1.860  2 0.0000 0.0000 0.000 2
     225    1.868  2 0.0000 0.0000 0.000 2
     226    1.877  2 0.0000 0.0000 0.000 2
     227    1.885  2 0.0000 0.0000 0.000 2
     228    1.893  2 0.0000 0.0000 0.000 2
     229    1.902  2 0.0000 0.0000 0.000 2
     230    1.910  2 0.0000 0.0000 0.000 2
     231    1.918  2 0.0000 0.0000 0.000 2
     232    1.927  2 0.0000 0.0000 0.000 2
     233    1.935  2 0.0000 0.0000 0.000 2
     234    1.944  2 0.0000 0.0000 0.000 2
     235    1.952  2 0.0000 0.0000 0.000 2
     236    1.960  2 0.0000 0.0000 0.000 2
     237    1.968  2 0.0000 0.0000 0.000 2
     238    1.977  2 0.0000 0.0000 0.000 2
     239    1.985  2 0.0000 0.0000 0.000 2
     240    1.993  2 0.0000 0.0000 0.000 2
     241    2.002  2 0.0000 0.0000 0.000 2
     242    2.010  0 0.0000 0.0000 0.000 2
     243    2.018  0 0.0000 0.0000 0.000 2
     244    2.027  0 0.0000 0.0000 0.000 2
     245    2.035  0 0.0000 0.0000 0.000 2
     246    2.043  0 0.0000 0.0000 0.000 2
     247    2.052  0 0.0000 0.0000 0.000 2
     248    2.060  0 0.0000 0.0000 0.000 2
     249    2.068  0 0.0000 0.0000 0.000 2
     250    2.077  0 0.0000 0.0000 0.000 2
     251    2.085  0 0.0000 0.0000 0.000 2
     252    2.093  0 0.0000 0.0000 0.000 2
     253    2.102  0 0.0000 0.0000 0.000 2
     254    2.110  0 0.0000 0.0000 0.000 2
     255    2.118  0 0.0000 0.0000 0.000 2
     256    2.127  0 0.0000 0.0000 0.000 2
     257    2.135  0 0.0000 0.0000 0.000 2
     258    2.143  0 0.0000 0.0000 0.000 2
     259    2.152  0 0.0000 0.0000 0.000 2
     260    2.160  0 0.0000 0.0000 0.000 2
     261    2.168  0 0.0000 0.0000 0.000 2
     262    2.177  0 0.0000 0.0000 0.000 2
     263    2.185  0 0.0000 0.0000 0.000 2
     264    2.193  0 0.0000 0.0000 0.000 2
     265    2.202  0 0.0000 0.0000 0.000 2
     266    2.210  0 0.0000 0.0000 0.000 2
     267    2.218  0 0.0000 0.0000 0.000 2
     268    2.227  0 0.0000 0.0000 0.000 2
     269    2.235  0 0.0000 0.0000 0.000 2
     270    2.243  0 0.0000 0.0000 0.000 2
     271    2.252  0 0.0000 0.0000 0.000 2
     272    2.260  0 0.0000 0.0000 0.000 2
     273    2.268  0 0.0000 0.0000 0.000 2
     274    2.277  0 0.0000 0.0000 0.000 2
     275    2.285  0 0.0000 0.0000 0.000 2
     276    2.293  0 0.0000 0.0000 0.000 2
     277    2.302  0 0.0000 0.0000 0.000 2
     278    2.310  0 0.0000 0.0000 0.000 2
     279    2.318  0 0.0000 0.0000 0.000 2
     280    2.327  0 0.0000 0.0000 0.000 2
     281    2.335  0 0.0000 0.0000 0.000 2
     282    2.343  0 0.0000 0.0000 0.000 2
     283    2.352  0 0.0000 0.0000 0.000 2
     284    2.360  0 0.0000 0.0000 0.000 2
     285    2.368  0 0.0000 0.0000 0.000 2
     286    2.377  0 0.0000 0.0000 0.000 2
     287    2.385  0 0.0000 0.0000 0.000 2
     288    2.393  0 0.0000 0.0000 0.000 2
     289    2.402  0 0.0000 0.0000 0.000 2
     290    2.410  0 0.0000 0.0000 0.000 2
     291    2.418  0 0.0000 0.0000 0.000 2
     292    2.427  0 0.0000 0.0000 0.000 2
     293    2.435  0 0.0000 0.0000 0.000 2
     294    2.443  0 0.0000 0.0000 0.000 2
     295    2.452  0 0.0000 0.0000 0.000 2
     296    2.460  0 0.0000 0.0000 0.000 2
     297    2.468  0 0.0000 0.0000 0.000 2
     298    2.477  0 0.0000 0.0000 0.000 2
     299    2.485  0 0.0000 0.0000 0.000 2
     300    2.493  0 0.0000 0.0000 0.000 2
     301    2.502  0 0.0000 0.0000 0.000 2
     302    2.510  0 0.0000 0.0000 0.000 2
     303    2.518  0 0.0000 0.0000 0.000 2
     304    2.527  0 0.0000 0.0000 0.000 2
     305    2.535  0 0.0000 0.0000 0.000 2
     306    2.543  0 0.0000 0.0000 0.000 3
     307    2.552  0 0.0000 0.0000 0.000 3
     308    2.560  0 0.0000 0.0000 0.000 3
     309    2.568  0 0.0000 0.0000 0.000 3
     310    2.577  0 0.0000 0.0000 0.000 3
     311    2.585  0 0.0000 0.0000 0.000 3
     312    2.593  0 0.0000 0.0000 0.000 3
     313    2.602  0 0.0000 0.0000 0.000 3
     314    2.610  0 0.0000 0.0000 0.000 3
     315    2.618  0 0.0000 0.0000 0.000 3
     316    2.627  0 0.0000 0.0000 0.000 3
     317    2.635  0 0.0000 0.0000 0.000 3
     318    2.644  0 0.0000 0.0000 0.000 3
     319    2.652  0 0.0000 0.0000 0.000 3
     320    2.660  0 0.0000 0.0000 0.000 3
     321    2.669  0 0.0000 0.0000 0.000 3
     322    2.677  0 0.0000 0.0000 0.000 3
     323    2.685  0 0.0000 0.0000 0.000 3
     324    2.694  0 0.0000 0.0000 0.000 3
     325    2.702  0 0.0000 0.0000 0.000 3
     326    2.710  0 0.0000 0.0000 0.000 3
     327    2.719  0 0.0000 0.0000 0.000 3
     328    2.727  0 0.0000 0.0000 0.000 3
     329    2.735  0 0.0000 0.0000 0.000 3
     330    2.744  0 0.0000 0.0000 0.000 3
     331    2.752  0 0.0000 0.0000 0.000 3
     332    2.760  0 0.0000 0.0000 0.000 3
     333    2.769  0 0.0000 0.0000 0.000 3
     334    2.777  0 0.0000 0.0000 0.000 3
     335    2.785  0 0.0000 0.0000 0.000 3
     336    2.794  0 0.0000 0.0000 0.000 3
     337    2.802  0 0.0000 0.0000 0.000 3
     338    2.810  0 0.0000 0.0000 0.000 3
     339    2.819  0 0.0000 0.0000 0.000 3
     340    2.827  0 0.0000 0.0000 0.000 3
     341    2.835  0 0.0000 0.0000 0.000 3
     342    2.844  0 0.0000 0.0000 0.000 3
     343    2.852  0 0.0000 0.0000 0.000 3
     344    2.860  0 0.0000 0.0000 0.000 3
     345    2.869  0 0.0000 0.0000 0.000 3
     346    2.877  0 0.0000 0.0000 0.000 3
     347    2.885  0 0.0000 0.0000 0.000 3
     348    2.894  0 0.0000 0.0000 0.000 3
     349    2.902  0 0.0000 0.0000 0.000 3
     350    2.910  0 0.0000 0.0000 0.000 3
     351    2.919  0 0.0000 0.0000 0.000 3
     352    2.927  0 0.0000 0.0000 0.000 3
     353    2.935  0 0.0000 0.0000 0.000 3
     354    2.944  0 0.0000 0.0000 0.000 3
     355    2.952  0 0.0000 0.0000 0.000 3
     356    2.960  0 0.0000 0.0000 0.000 3
     357    2.969  0 0.0000 0.0000 0.000 3
     358    2.977  0 0.0000 0.0000 0.000 3
     359    2.985  0 0.0000 0.0000 0.000 3
     360    2.994  0 0.0000 0.0000 0.000 3
     361    3.002  0 0.0000 0.0000 0.000 3
     362    3.010  2 0.0000 0.0000 0.000 3
     363    3.019  2 0.0000 0.0000 0.000 3
     364    3.027  2 0.0000 0.0000 0.000 3
     365    3.035  2 0.0000 0.0000 0.000 3
     366    3.044  2 0.0000 0.0000 0.000 3
     367    3.052  2 0.0000 0.0000 0.000 3
     368    3.060  2 0.0000 0.0000 0.000 3
     369    3.069  2 0.0000 0.0000 0.000 3
     370    3.077  2 0.0000 0.0000 0.000 3
     371    3.085  2 0.0000 0.0000 0.000 3
     372    3.094  2 0.0000 0.0000 0.000 3
     373    3.102  2 0.0000 0.0000 0.000 3
     374    3.110  2 0.0000 0.0000 0.000 3
     375    3.119  2 0.0000 0.0000 0.000 3
     376    3.127  2 0.0000 0.0000 0.000 3
     377    3.135  2 0.0000 0.0000 0.000 3
     378    3.144  2 0.0000 0.0000 0.000 3
     379    3.152  2 0.0000 0.0000 0.000 3
     380    3.160  2 0.0000 0.0000 0.000 3
     381    3.169  2 0.0000 0.0000 0.000 3
     382    3.177  2 0.0000 0.0000 0.000 3
     383    3.185  2 0.0000 0.0000 0.000 3
     384    3.194  2 0.0000 0.0000 0.000 3
     385    3.202  2 0.0000 0.0000 0.000 3
     386    3.210  2 0.0000 0.0000 0.000 3
     387    3.219  2 0.0000 0.0000 0.000 3
     388    3.227  2 0.0000 0.0000 0.000 3
     389    3.235  2 0.0000 0.0000 0.000 3
     390    3.244  2 0.0000 0.0000 0.000 3
     391    3.252  2 0.0000 0.0000 0.000 3
     392    3.260  2 0.0000 0.0000 0.000 3
     393    3.269  2 0.0000 0.0000 0.000 3
     394    3.277  2 0.0000 0.0000 0.000 3
     395    3.285  2 0.0000 0.0000 0.000 3
     396    3.294  2 0.0000 0.0000 0.000 3
     397    3.302  2 0.0000 0.0000 0.000 3
     398    3.310  2 0.0000 0.0000 0.000 3
     399    3.319  2 0.0000 0.0000 0.000 3
     400    3.327  2 0.0000 0.0000 0.000 3
     401    3.335  2 0.0000 0.0000 0.000 3
     402    3.344  2 0.0000 0.0000 0.000 3
     403    3.352  2 0.0000 0.0000 0.000 3
     404    3.360  2 0.0000 0.0000 0.000 3
     405    3.369  2 0.0000 0.0000 0.000 3
     406    3.377  2 0.0000 0.0000 0.000 3
     407    3.385  2 0.0000 0.0000 0.000 3
     408    3.394  2 0.0000 0.0000 0.000 3
     409    3.402  2 0.0000 0.0000 0.000 3
     410    3.410  2 0.0000 0.0000 0.000 3
     411    3.419  2 0.0000 0.0000 0.000 3
     412    3.427  2 0.0000 0.0000 0.000 3
     413    3.435  2 0.0000 0.0000 0.000 3
     414    3.444  2 0.0000 0.0000 0.000 3
     415    3.452  2 0.0000 0.0000 0.000 3
     416    3.460  2 0.0000 0.0000 0.000 3
     417    3.469  2 0.0000 0.0000 0.000 3
     418    3.477  2 0.0000 0.0000 0.000 3
     419    3.485  2 0.0000 0.0000 0.000 3
     420    3.494  2 0.0000 0.0000 0.000 3
     421    3.502  2 0.0000 0.0000 0.000 3
     422    3.510  2 0.0000 0.0000 0.000 3
     423    3.519  2 0.0000 0.0000 0.000 3
     424    3.527  2 0.0000 0.0000 0.000 3
     425    3.535  2 0.0000 0.0000 0.000 3
     426    3.544  2 0.0000 0.0000 0.000 3
     427    3.552  2 0.0000 0.0000 0.000 3
     428    3.561  2 0.0000 0.0000 0.000 3
     429    3.569  2 0.0000 0.0000 0.000 3
     430    3.577  2 0.0000 0.0000 0.000 3
     431    3.585  2 0.0000 0.0000 0.000 3
     432    3.594  2 0.0000 0.0000 0.000 3
     433    3.602  2 0.0000 0.0000 0.000 3
     434    3.610  2 0.0000 0.0000 0.000 3
     435    3.619  2 0.0000 0.0000 0.000 3
     436    3.627  2 0.0000 0.0000 0.000 3
     437    3.635  2 0.0000 0.0000 0.000 3
     438    3.644  2 0.0000 0.0000 0.000 3
     439    3.652  2 0.0000 0.0000 0.000 3
     440    3.660  2 0.0000 0.0000 0.000 3
     441    3.669  2 0.0000 0.0000 0.000 3
     442    3.677  2 0.0000 0.0000 0.000 3
     443    3.685  2 0.0000 0.0000 0.000 3
     444    3.694  2 0.0000 0.0000 0.000 3
     445    3.702  2 0.0000 0.0000 0.000 3
     446    3.710  2 0.0000 0.0000 0.000 3
     447    3.719  2 0.0000 0.0000 0.000 3
     448    3.727  2 0.0000 0.0000 0.000 3
     449    3.735  2 0.0000 0.0000 0.000 3
     450    3.744  2 0.0000 0.0000 0.000 3
     451    3.752  2 0.0000 0.0000 0.000 3
     452    3.760  2 0.0000 0.0000 0.000 3
     453    3.769  2 0.0000 0.0000 0.000 3
     454    3.777  2 0.0000 0.0000 0.000 3
     455    3.785  2 0.0000 0.0000 0.000 3
     456    3.794  2 0.0000 0.0000 0.000 3
     457    3.802  2 0.0000 0.0000 0.000 3
     458    3.810  2 0.0000 0.0000 0.000 3
     459    3.819  2 0.0000 0.0000 0.000 3
     460    3.827  2 0.0000 0.0000 0.000 3
     461    3.835  2 0.0000 0.0000 0.000 4
     462    3.844  2 0.0000 0.0000 0.000 4
     463    3.852  2 0.0000 0.0000 0.000 4
     464    3.860  2 0.0000 0.0000 0.000 4
     465    3.869  2 0.0000 0.0000 0.000 4
     466    3.877  2 0.0000 0.0000 0.000 4
     467    3.885  2 0.0000 0.0000 0.000 4
     468    3.894  2 0.0000 0.0000 0.000 4
     469    3.902  2 0.0000 0.0000 0.000 4
     470    3.910  2 0.0000 0.0000 0.000 4
     471    3.919  2 0.0000 0.0000 0.000 4
     472    3.927  2 0.0000 0.0000 0.000 4
     473    3.935  2 0.0000 0.0000 0.000 4
     474    3.944  2 0.0000 0.0000 0.000 4
     475    3.952  2 0.0000 0.0000 0.000 4
     476    3.960  2 0.0000 0.0000 0.000 4
     477    3.969  2 0.0000 0.0000 0.000 4
     478    3.977  2 0.0000 0.0000 0.000 4
     479    3.985  2 0.0000 0.0000 0.000 4
     480    3.994  2 0.0000 0.0000 0.000 4
     481    4.002  2 0.0000 0.0000 0.000 4
     482    4.010  2 0.0000 0.0000 0.000 4
     483    4.019  0 0.0000 0.0000 0.000 4
     484    4.027  0 0.0000 0.0000 0.000 4
     485    4.035  0 0.0000 0.0000 0.000 4
     486    4.044  0 0.0000 0.0000 0.000 4
     487    4.052  0 0.0000 0.0000 0.000 4
     488    4.060  0 0.0000 0.0000 0.000 4
     489    4.069  0 0.0000 0.0000 0.000 4
     490    4.077  0 0.0000 0.0000 0.000 4
     491    4.085  0 0.0000 0.0000 0.000 4
     492    4.094  0 0.0000 0.0000 0.000 4
     493    4.102  0 0.0000 0.0000 0.000 4
     494    4.110  0 0.0000 0.0000 0.000 4
     495    4.119  0 0.0000 0.0000 0.000 4
     496    4.127  0 0.0000 0.0000 0.000 4
     497    4.135  0 0.0000 0.0000 0.000 4
     498    4.144  0 0.0000 0.0000 0.000 4
     499    4.152  0 0.0000 0.0000 0.000 4
     500    4.160  0 0.0000 0.0000 0.000 4
     501    4.169  0 0.0000 0.0000 0.000 4
     502    4.177  0 0.0000 0.0000 0.000 4
     503    4.185  0 0.0000 0.0000 0.000 4
     504    4.194  0 0.0000 0.0000 0.000 4
     505    4.202  0 0.0000 0.0000 0.000 4
     506    4.210  0 0.0000 0.0000 0.000 4
     507    4.219  0 0.0000 0.0000 0.000 4
     508    4.227  0 0.0000 0.0000 0.000 4
     509    4.235  0 0.0000 0.0000 0.000 4
     510    4.244  0 0.0000 0.0000 0.000 4
     511    4.252  0 0.0000 0.0000 0.000 4
     512    4.260  0 0.0000 0.0000 0.000 4
     513    4.269  0 0.0000 0.0000 0.000 4
     514    4.277  0 0.0000 0.0000 0.000 4
     515    4.285  0 0.0000 0.0000 0.000 4
     516    4.294  0 0.0000 0.0000 0.000 4
     517    4.302  0 0.0000 0.0000 0.000 4
     518    4.310  0 0.0000 0.0000 0.000 4
     519    4.319  0 0.0000 0.0000 0.000 4
     520    4.327  0 0.0000 0.0000 0.000 4
     521    4.335  0 0.0000 0.0000 0.000 4
     522    4.344  0 0.0000 0.0000 0.000 4
     523    4.352  0 0.0000 0.0000 0.000 4
     524    4.360  0 0.0000 0.0000 0.000 4
     525    4.369  0 0.0000 0.0000 0.000 4
     526    4.377  0 0.0000 0.0000 0.000 4
     527    4.385  0 0.0000 0.0000 0.000 4
     528    4.394  0 0.0000 0.0000 0.000 4
     529    4.402  0 0.0000 0.0000 0.000 4
     530    4.410  0 0.0000 0.0000 0.000 4
     531    4.419  0 0.0000 0.0000 0.000 4
     532    4.427  0 0.0000 0.0000 0.000 4
     533    4.435  0 0.0000 0.0000 0.000 4
     534    4.444  0 0.0000 0.0000 0.000 4
     535    4.452  0 0.0000 0.0000 0.000 4
     536    4.460  0 0.0000 0.0000 0.000 4
     537    4.469  0 0.0000 0.0000 0.000 4
     538    4.477  0 0.0000 0.0000 0.000 4
     539    4.485  0 0.0000 0.0000 0.000 4
     540    4.494  0 0.0000 0.0000 0.000 4
     541    4.502  0 0.0000 0.0000 0.000 4
     542    4.510  0 0.0000 0.0000 0.000 4
     543    4.519  0 0.0000 0.0000 0.000 4
     544    4.527  0 0.0000 0.0000 0.000 4
     545    4.535  0 0.0000 0.0000 0.000 4
     546    4.544  0 0.0000 0.0000 0.000 4
     547    4.552  0 0.0000 0.0000 0.000 4
     548    4.561  0 0.0000 0.0000 0.000 4
     549    4.569  0 0.0000 0.0000 0.000 4
     550    4.577  0 0.0000 0.0000 0.000 4
     551    4.585  0 0.0000 0.0000 0.000 4
     552    4.594  0 0.0000 0.0000 0.000 4
     553    4.602  0 0.0000 0.0000 0.000 4
     554    4.610  0 0.0000 0.0000 0.000 4
     555    4.619  0 0.0000 0.0000 0.000 4
     556    4.627  0 0.0000 0.0000 0.000 4
     557    4.635  0 0.0000 0.0000 0.000 4
     558    4.644  0 0.0000 0.0000 0.000 4
     559    4.652  0 0.0000 0.0000 0.000 4
     560    4.660  0 0.0000 0.0000 0.000 4
     561    4.669  0 0.0000 0.0000 0.000 4
     562    4.677  0 0.0000 0.0000 0.000 4
     563    4.685  0 0.0000 0.0000 0.000 4
     564    4.694  0 0.0000 0.0000 0.000 4
     565    4.702  0 0.0000 0.0000 0.000 4
     566    4.710  0 0.0000 0.0000 0.000 4
     567    4.719  0 0.0000 0.0000 0.000 4
     568    4.727  0 0.0000 0.0000 0.000 4
     569    4.735  0 0.0000 0.0000 0.000 4
     570    4.744  0 0.0000 0.0000 0.000 4
     571    4.752  0 0.0000 0.0000 0.000 4
     572    4.760  0 0.0000 0.0000 0.000 4
     573    4.769  0 0.0000 0.0000 0.000 4
     574    4.777  0 0.0000 0.0000 0.000 4
     575    4.785  0 0.0000 0.0000 0.000 4
     576    4.794  0 0.0000 0.0000 0.000 4
     577    4.802  0 0.0000 0.0000 0.000 4
     578    4.810  0 0.0000 0.0000 0.000 4
     579    4.819  0 0.0000 0.0000 0.000 4
     580    4.827  0 0.0000 0.0000 0.000 4
     581    4.835  0 0.0000 0.0000 0.000 4
     582    4.844  0 0.0000 0.0000 0.000 4
     583    4.852  0 0.0000 0.0000 0.000 4
     584    4.860  0 0.0000 0.0000 0.000 4
     585    4.869  0 0.0000 0.0000 0.000 4
     586    4.877  0 0.0000 0.0000 0.000 4
     587    4.885  0 0.0000 0.0000 0.000 4
     588    4.894  0 0.0000 0.0000 0.000 4
     589    4.902  0 0.0000 0.0000 0.000 4
     590    4.910  0 0.0000 0.0000 0.000 4
     591    4.919  0 0.0000 0.0000 0.000 4
     592    4.927  0 0.0000 0.0000 0.000 4
     593    4.935  0 0.0000 0.0000 0.000 4
     594    4.944  0 0.0000 0.0000 0.000 4
     595    4.952  0 0.0000 0.0000 0.000 4
     596    4.960  0 0.0000 0.0000 0.000 4
     597    4.969  0 0.0000 0.0000 0.000 4
     598    4.977  0 0.0000 0.0000 0.000 4
     599    4.985  0 0.0000 0.0000 0.000 4
     600    4.994  0 0.0000 0.0000 0.000 4
     601    5.002  0 0.0000 0.0000 0.000 4
     602    5.010  0 0.0000 0.0000 0.000 4
     603    5.019  0 0.0000 0.0000 0.000 4
     604    5.027  2 0.0000 0.0000 0.000 4
     605    5.035  2 0.0000 0.0000 0.000 4
     606    5.044  2 0.0000 0.0000 0.000 4
     607    5.052  2 0.0000 0.0000 0.000 4
     608    5.060  2 0.0000 0.0000 0.000 4
     609    5.069  2 0.0000 0.0000 0.000 4
     610    5.077  2 0.0000 0.0000 0.000 4
     611    5.085  2 0.0000 0.0000 0.000 4
     612    5.094  2 0.0000 0.0000 0.000 4
     613    5.102  2 0.0000 0.0000 0.000 4
     614    5.110  2 0.0000 0.0000 0.000 4
     615    5.119  2 0.0000 0.0000 0.000 4
     616    5.127  2 0.0000 0.0000 0.000 5
     617    5.135  2 0.0000 0.0000 0.000 5
     618    5.144  2 0.0000 0.0000 0.000 5
     619    5.152  2 0.0000 0.0000 0.000 5
     620    5.160  2 0.0000 0.0000 0.000 5
     621    5.169  2 0.0000 0.0000 0.000 5
     622    5.177  2 0.0000 0.0000 0.000 5
     623    5.185  2 0.0000 0.0000 0.000 5
     624    5.194  2 0.0000 0.0000 0.000 5
     625    5.202  2 0.0000 0.0000 0.000 5
     626    5.210  2 0.0000 0.0000 0.000 5
     627    5.219  2 0.0000 0.0000 0.000 5
     628    5.227  2 0.0000 0.0000 0.000 5
     629    5.235  2 0.0000 0.0000 0.000 5
     630    5.244  2 0.0000 0.0000 0.000 5
     631    5.252  2 0.0000 0.0000 0.000 5
     632    5.260  2 0.0000 0.0000 0.000 5
     633    5.269  2 0.0000 0.0000 0.000 5
     634    5.277  2 0.0000 0.0000 0.000 5
     635    5.285  2 0.0000 0.0000 0.000 5
     636    5.294  2 0.0000 0.0000 0.000 5
     637    5.302  2 0.0000 0.0000 0.000 5
     638    5.310  2 0.0000 0.0000 0.000 5
     639    5.319  2 0.0000 0.0000 0.000 5
     640    5.327  2 0.0000 0.0000 0.000 5
     641    5.335  2 0.0000 0.0000 0.000 5
     642    5.344  2 0.0000 0.0000 0.000 5
     643    5.352  2 0.0000 0.0000 0.000 5
     644    5.360  2 0.0000 0.0000 0.000 5
     645    5.369  2 0.0000 0.0000 0.000 5
     646    5.377  2 0.0000 0.0000 0.000 5
     647    5.385  2 0.0000 0.0000 0.000 5
     648    5.394  2 0.0000 0.0000 0.000 5
     649    5.402  2 0.0000 0.0000 0.000 5
     650    5.410  2 0.0000 0.0000 0.000 5
     651    5.419  2 0.0000 0.0000 0.000 5
     652    5.427  2 0.0000 0.0000 0.000 5
     653    5.435  2 0.0000 0.0000 0.000 5
     654    5.444  2 0.0000 0.0000 0.000 5
     655    5.452  2 0.0000 0.0000 0.000 5
     656    5.460  2 0.0000 0.0000 0.000 5
     657    5.469  2 0.0000 0.0000 0.000 5
     658    5.477  2 0.0000 0.0000 0.000 5
     659    5.485  2 0.0000 0.0000 0.000 5
     660    5.494  2 0.0000 0.0000 0.000 5
     661    5.502  2 0.0000 0.0000 0.000 5
     662    5.510  2 0.0000 0.0000 0.000 5
     663    5.519  2 0.0000 0.0000 0.000 5
     664    5.527  2 0.0000 0.0000 0.000 5
     665    5.535  2 0.0000 0.0000 0.000 5
     666    5.544  2 0.0000 0.0000 0.000 5
     667    5.552  2 0.0000 0.0000 0.000 5
     668    5.561  2 0.0000 0.0000 0.000 5
     669    5.569  2 0.0000 0.0000 0.000 5
     670    5.577  2 0.0000 0.0000 0.000 5
     671    5.585  2 0.0000 0.0000 0.000 5
     672    5.594  2 0.0000 0.0000 0.000 5
     673    5.602  2 0.0000 0.0000 0.000 5
     674    5.610  2 0.0000 0.0000 0.000 5
     675    5.619  2 0.0000 0.0000 0.000 5
     676    5.627  2 0.0000 0.0000 0.000 5
     677    5.635  2 0.0000 0.0000 0.000 5
     678    5.644  2 0.0000 0.0000 0.000 5
     679    5.652  2 0.0000 0.0000 0.000 5
     680    5.660  2 0.0000 0.0000 0.000 5
     681    5.669  2 0.0000 0.0000 0.000 5
     682    5.677  2 0.0000 0.0000 0.000 5
     683    5.685  2 0.0000 0.0000 0.000 5
     684    5.694  2 0.0000 0.0000 0.000 5
     685    5.702  2 0.0000 0.0000 0.000 5
     686    5.710  2 0.0000 0.0000 0.000 5
     687    5.719  2 0.0000 0.0000 0.000 5
     688    5.727  2 0.0000 0.0000 0.000 5
     689    5.735  2 0.0000 0.0000 0.000 5
     690    5.744  2 0.0000 0.0000 0.000 5
     691    5.752  2 0.0000 0.0000 0.000 5
     692    5.760  2 0.0000 0.0000 0.000 5
     693    5.769  2 0.0000 0.0000 0.000 5
     694    5.777  2 0.0000 0.0000 0.000 5
     695    5.785  2 0.0000 0.0000 0.000 5
     696    5.794  2 0.0000 0.0000 0.000 5
     697    5.802  2 0.0000 0.0000 0.000 5
     698    5.810  2 0.0000 0.0000 0.000 5
     699    5.819  2 0.0000 0.0000 0.000 5
     700    5.827  2 0.0000 0.0000 0.000 5
     701    5.835  2 0.0000 0.0000 0.000 5
     702    5.844  2 0.0000 0.0000 0.000 5
     703    5.852  2 0.0000 0.0000 0.000 5
     704    5.860  2 0.0000 0.0000 0.000 5
     705    5.869  2 0.0000 0.0000 0.000 5
     706    5.877  2 0.0000 0.0000 0.000 5
     707    5.885  2 0.0000 0.0000 0.000 5
     708    5.894  2 0.0000 0.0000 0.000 5
     709    5.902  2 0.0000 0.0000 0.000 5
     710    5.910  2 0.0000 0.0000 0.000 5
     711    5.919  2 0.0000 0.0000 0.000 5
     712    5.927  2 0.0000 0.0000 0.000 5
     713    5.935  2 0.0000 0.0000 0.000 5
     714    5.944  2 0.0000 0.0000 0.000 5
     715    5.952  2 0.0000 0.0000 0.000 5
     716    5.960  2 0.0000 0.0000 0.000 5
     717    5.969  2 0.0000 0.0000 0.000 5
     718    5.977  2 0.0000 0.0000 0.000 5
     719    5.985  2 0.0000 0.0000 0.000 5
     720    5.994  2 0.0000 0.0000 0.000 5
     721    6.002  2 0.0000 0.0000 0.000 5
     722    6.010  2 0.0000 0.0000 0.000 5
     723    6.019  2 0.0000 0.0000 0.000 5
     724    6.027  0 0.0000 0.0000 0.000 5
     725    6.035  0 0.0000 0.0000 0.000 5
     726    6.044  0 0.0000 0.0000 0.000 5
     727    6.052  0 0.0000 0.0000 0.000 5
     728    6.060  0 0.0000 0.0000 0.000 5
     729    6.069  0 0.0000 0.0000 0.000 5
     730    6.077  0 0.0000 0.0000 0.000 5
     731    6.085  0 0.0000 0.0000 0.000 5
     732    6.094  0 0.0000 0.0000 0.000 5
     733    6.102  0 0.0000 0.0000 0.000 5
     734    6.110  0 0.0000 0.0000 0.000 5
     735    6.119  0 0.0000 0.0000 0.000 5
     736    6.127  0 0.0000 0.0000 0.000 5
     737    6.135  0 0.0000 0.0000 0.000 5
     738    6.144  0 0.0000 0.0000 0.000 5
     739    6.152  0 0.0000 0.0000 0.000 5
     740    6.160  0 0.0000 0.0000 0.000 5
     741    6.169  0 0.0000 0.0000 0.000 5
     742    6.177  0 0.0000 0.0000 0.000 5
     743    6.185  0 0.0000 0.0000 0.000 5
     744    6.194  0 0.0000 0.0000 0.000 5
     745    6.202  0 0.0000 0.0000 0.000 5
     746    6.210  0 0.0000 0.0000 0.000 5
     747    6.219  0 0.0000 0.0000 0.000 5
     748    6.227  0 0.0000 0.0000 0.000 5
     749    6.235  0 0.0000 0.0000 0.000 5
     750    6.244  0 0.0000 0.0000 0.000 5
     751    6.252  0 0.0000 0.0000 0.000 5
     752    6.260  0 0.0000 0.0000 0.000 5
     753    6.269  0 0.0000 0.0000 0.000 5
     754    6.277  0 0.0000 0.0000 0.000 5
     755    6.285  0 0.0000 0.0000 0.000 5
     756    6.294  0 0.0000 0.0000 0.000 5
     757    6.302  0 0.0000 0.0000 0.000 5
     758    6.310  0 0.0000 0.0000 0.000 5
     759    6.319  0 0.0000 0.0000 0.000 5
     760    6.327  0 0.0000 0.0000 0.000 5
     761    6.335  0 0.0000 0.0000 0.000 5
     762    6.344  0 0.0000 0.0000 0.000 5
     763    6.352  0 0.0000 0.0000 0.000 5
     764    6.360  0 0.0000 0.0000 0.000 5
     765    6.369  0 0.0000 0.0000 0.000 5
     766    6.377  0 0.0000 0.0000 0.000 5
     767    6.385  0 0.0000 0.0000 0.000 5
     768    6.394  0 0.0000 0.0000 0.000 5
     769    6.402  0 0.0000 0.0000 0.000 5
     770    6.410  0 0.0000 0.0000 0.000 5
     771    6.419  0 0.0000 0.0000 0.000 6
     772    6.427  0 0.0000 0.0000 0.000 6
     773    6.435  0 0.0000 0.0000 0.000 6
     774    6.444  0 0.0000 0.0000 0.000 6
     775    6.452  0 0.0000 0.0000 0.000 6
     776    6.460  0 0.0000 0.0000 0.000 6
     777    6.469  0 0.0000 0.0000 0.000 6
     778    6.477  0 0.0000 0.0000 0.000 6
     779    6.485  0 0.0000 0.0000 0.000 6
     780    6.494  0 0.0000 0.0000 0.000 6
     781    6.502  0 0.0000 0.0000 0.000 6
     782    6.510  0 0.0000 0.0000 0.000 6
     783    6.519  0 0.0000 0.0000 0.000 6
     784    6.527  0 0.0000 0.0000 0.000 6
     785    6.535  0 0.0000 0.0000 0.000 6
     786    6.544  0 0.0000 0.0000 0.000 6
     787    6.552  0 0.0000 0.0000 0.000 6
     788    6.561  0 0.0000 0.0000 0.000 6
     789    6.571  0 0.0000 0.0000 0.000 6
     790    6.577  0 0.0000 0.0000 0.000 6
     791    6.586  0 0.0000 0.0000 0.000 6
     792    6.594  0 0.0000 0.0000 0.000 6
     793    6.602  0 0.0000 0.0000 0.000 6
     794    6.611  0 0.0000 0.0000 0.000 6
     795    6.619  0 0.0000 0.0000 0.000 6
     796    6.627  0 0.0000 0.0000 0.000 6
     797    6.636  0 0.0000 0.0000 0.000 6
     798    6.644  0 0.0000 0.0000 0.000 6
     799    6.652  0 0.0000 0.0000 0.000 6
     800    6.661  0 0.0000 0.0000 0.000 6
     801    6.669  0 0.0000 0.0000 0.000 6
     802    6.677  0 0.0000 0.0000 0.000 6
     803    6.686  0 0.0000 0.0000 0.000 6
     804    6.694  0 0.0000 0.0000 0.000 6
     805    6.702  0 0.0000 0.0000 0.000 6
     806    6.711  0 0.0000 0.0000 0.000 6
     807    6.719  0 0.0000 0.0000 0.000 6
     808    6.727  0 0.0000 0.0000 0.000 6
     809    6.736  0 0.0000 0.0000 0.000 6
     810    6.744  0 0.0000 0.0000 0.000 6
     811    6.752  0 0.0000 0.0000 0.000 6
     812    6.761  0 0.0000 0.0000 0.000 6
     813    6.769  0 0.0000 0.0000 0.000 6
     814    6.777  0 0.0000 0.0000 0.000 6
     815    6.786  0 0.0000 0.0000 0.000 6
     816    6.794  0 0.0000 0.0000 0.000 6
     817    6.802  0 0.0000 0.0000 0.000 6
     818    6.811  0 0.0000 0.0000 0.000 6
     819    6.819  0 0.0000 0.0000 0.000 6
     820    6.827  0 0.0000 0.0000 0.000 6
     821    6.836  0 0.0000 0.0000 0.000 6
     822    6.844  0 0.0000 0.0000 0.000 6
     823    6.852  0 0.0000 0.0000 0.000 6
     824    6.861  0 0.0000 0.0000 0.000 6
     825    6.869  0 0.0000 0.0000 0.000 6
     826    6.877  0 0.0000 0.0000 0.000 6
     827    6.886  0 0.0000 0.0000 0.000 6
     828    6.894  0 0.0000 0.0000 0.000 6
     829    6.902  0 0.0000 0.0000 0.000 6
     830    6.911  0 0.0000 0.0000 0.000 6
     831    6.919  0 0.0000 0.0000 0.000 6
     832    6.927  0 0.0000 0.0000 0.000 6
     833    6.936  0 0.0000 0.0000 0.000 6
     834    6.944  0 0.0000 0.0000 0.000 6
     835    6.952  0 0.0000 0.0000 0.000 6
     836    6.961  0 0.0000 0.0000 0.000 6
     837    6.969  0 0.0000 0.0000 0.000 6
     838    6.977  0 0.0000 0.0000 0.000 6
     839    6.986  0 0.0000 0.0000 0.000 6
     840    6.994  0 0.0000 0.0000 0.000 6
     841    7.002  0 0.0000 0.0000 0.000 6
     842    7.011  0 0.0000 0.0000 0.000 6
     843    7.019  0 0.0000 0.0000 0.000 6
     844    7.027  2 0.0000 0.0000 0.000 6
     845    7.036  2 0.0000 0.0000 0.000 6
     846    7.044  2 0.0000 0.0000 0.000 6
     847    7.053  2 0.0000 0.0000 0.000 6
     848    7.061  2 0.0000 0.0000 0.000 6
     849    7.069  2 0.0000 0.0000 0.000 6
     850    7.077  2 0.0000 0.0000 0.000 6
     851    7.086  2 0.0000 0.0000 0.000 6
     852    7.094  2 0.0000 0.0000 0.000 6
     853    7.103  2 0.0000 0.0000 0.000 6
     854    7.111  2 0.0000 0.0000 0.000 6
     855    7.119  2 0.0000 0.0000 0.000 6
     856    7.128  2 0.0000 0.0000 0.000 6
     857    7.137  2 0.0000 0.0000 0.000 6
     858    7.144  2 0.0000 0.0000 0.000 6
     859    7.152  2 0.0000 0.0000 0.000 6
     860    7.160  2 0.0000 0.0000 0.000 6
     861    7.169  2 0.0000 0.0000 0.000 6
     862    7.177  2 0.0000 0.0000 0.000 6
     863    7.186  2 0.0000 0.0000 0.000 6
     864    7.194  2 0.0000 0.0000 0.000 6
     865    7.202  2 0.0000 0.0000 0.000 6
     866    7.211  2 0.0000 0.0000 0.000 6
     867    7.219  2 0.0000 0.0000 0.000 6
     868    7.227  2 0.0000 0.0000 0.000 6
     869    7.235  2 0.0000 0.0000 0.000 6
     870    7.244  2 0.0000 0.0000 0.000 6
     871    7.252  2 0.0000 0.0000 0.000 6
     872    7.260  2 0.0000 0.0000 0.000 6
     873    7.269  2 0.0000 0.0000 0.000 6
     874    7.277  2 0.0000 0.0000 0.000 6
     875    7.285  2 0.0000 0.0000 0.000 6
     876    7.294  2 0.0000 0.0000 0.000 6
     877    7.302  2 0.0000 0.0000 0.000 6
     878    7.310  2 0.0000 0.0000 0.000 6
     879    7.319  2 0.0000 0.0000 0.000 6
     880    7.327  2 0.0000 0.0000 0.000 6
     881    7.335  2 0.0000 0.0000 0.000 6
     882    7.344  2 0.0000 0.0000 0.000 6
     883    7.352  2 0.0000 0.0000 0.000 6
     884    7.360  2 0.0000 0.0000 0.000 6
     885    7.369  2 0.0000 0.0000 0.000 6
     886    7.377  2 0.0000 0.0000 0.000 6
     887    7.385  2 0.0000 0.0000 0.000 6
     888    7.394  2 0.0000 0.0000 0.000 6
     889    7.402  2 0.0000 0.0000 0.000 6
     890    7.410  2 0.0000 0.0000 0.000 6
     891    7.419  2 0.0000 0.0000 0.000 6
     892    7.427  2 0.0000 0.0000 0.000 6
     893    7.435  2 0.0000 0.0000 0.000 6
     894    7.444  2 0.0000 0.0000 0.000 6
     895    7.452  2 0.0000 0.0000 0.000 6
     896    7.460  2 0.0000 0.0000 0.000 6
     897    7.469  2 0.0000 0.0000 0.000 6
     898    7.477  2 0.0000 0.0000 0.000 6
     899    7.485  2 0.0000 0.0000 0.000 6
     900    7.494  2 0.0000 0.0000 0.000 6
     901    7.502  2 0.0000 0.0000 0.000 6
     902    7.510  2 0.0000 0.0000 0.000 6
     903    7.519  2 0.0000 0.0000 0.000 6
     904    7.527  2 0.0000 0.0000 0.000 6
     905    7.535  2 0.0000 0.0000 0.000 6
     906    7.544  2 0.0000 0.0000 0.000 6
     907    7.552  2 0.0000 0.0000 0.000 6
     908    7.561  2 0.0000 0.0000 0.000 6
     909    7.569  2 0.0000 0.0000 0.000 6
     910    7.577  2 0.0000 0.0000 0.000 6
     911    7.585  2 0.0000 0.0000 0.000 6
     912    7.594  2 0.0000 0.0000 0.000 6
     913    7.602  2 0.0000 0.0000 0.000 6
     914    7.610  2 0.0000 0.0000 0.000 6
     915    7.619  2 0.0000 0.0000 0.000 6
     916    7.627  2 0.0000 0.0000 0.000 6
     917    7.635  2 0.0000 0.0000 0.000 6
     918    7.644  2 0.0000 0.0000 0.000 6
     919    7.652  2 0.0000 0.0000 0.000 6
     920    7.660  2 0.0000 0.0000 0.000 6
     921    7.669  2 0.0000 0.0000 0.000 6
     922    7.677  2 0.0000 0.0000 0.000 6
     923    7.685  2 0.0000 0.0000 0.000 6
     924    7.694  2 0.0000 0.0000 0.000 6
     925    7.702  2 0.0000 0.0000 0.000 6
     926    7.710  2 0.0000 0.0000 0.000 7
     927    7.719  2 0.0000 0.0000 0.000 7
     928    7.727  2 0.0000 0.0000 0.000 7
     929    7.735  2 0.0000 0.0000 0.000 7
     930    7.744  2 0.0000 0.0000 0.000 7
     931    7.752  2 0.0000 0.0000 0.000 7
     932    7.760  2 0.0000 0.0000 0.000 7
     933    7.769  2 0.0000 0.0000 0.000 7
     934    7.777  2 0.0000 0.0000 0.000 7
     935    7.785  2 0.0000 0.0000 0.000 7
     936    7.794  2 0.0000 0.0000 0.000 7
     937    7.802  2 0.0000 0.0000 0.000 7
     938    7.810  2 0.0000 0.0000 0.000 7
     939    7.819  2 0.0000 0.0000 0.000 7
     940    7.827  2 0.0000 0.0000 0.000 7
     941    7.835  2 0.0000 0.0000 0.000 7
     942    7.844  2 0.0000 0.0000 0.000 7
     943    7.852  2 0.0000 0.0000 0.000 7
     944    7.860  2 0.0000 0.0000 0.000 7
     945    7.869  2 0.0000 0.0000 0.000 7
     946    7.877  2 0.0000 0.0000 0.000 7
     947    7.885  2 0.0000 0.0000 0.000 7
     948    7.894  2 0.0000 0.0000 0.000 7
     949    7.902  2 0.0000 0.0000 0.000 7
     950    7.910  2 0.0000 0.0000 0.000 7
     951    7.919  2 0.0000 0.0000 0.000 7
     952    7.927  2 0.0000 0.0000 0.000 7
     953    7.935  2 0.0000 0.0000 0.000 7
     954    7.944  2 0.0000 0.0000 0.000 7
     955    7.952  2 0.0000 0.0000 0.000 7
     956    7.960  2 0.0000 0.0000 0.000 7
     957    7.969  2 0.0000 0.0000 0.000 7
     958    7.977  2 0.0000 0.0000 0.000 7
     959    7.985  2 0.0000 0.0000 0.000 7
     960    7.994  2 0.0000 0.0000 0.000 7
     961    8.002  2 0.0000 0.0000 0.000 7
     962    8.010  2 0.0000 0.0000 0.000 7
     963    8.019  2 0.0000 0.0000 0.000 7
     964    8.027  2 0.0000 0.0000 0.000 7
     965    8.035  0 0.0000 0.0000 0.000 7
     966    8.044  0 0.0000 0.0000 0.000 7
     967    8.052  0 0.0000 0.0000 0.000 7
     968    8.060  0 0.0000 0.0000 0.000 7
     969    8.069  0 0.0000 0.0000 0.000 7
     970    8.077  0 0.0000 0.0000 0.000 7
     971    8.085  0 0.0000 0.0000 0.000 7
     972    8.094  0 0.0000 0.0000 0.000 7
     973    8.102  0 0.0000 0.0000 0.000 7
     974    8.110  0 0.0000 0.0000 0.000 7
     975    8.119  0 0.0000 0.0000 0.000 7
     976    8.127  0 0.0000 0.0000 0.000 7
     977    8.135  0 0.0000 0.0000 0.000 7
     978    8.144  0 0.0000 0.0000 0.000 7
     979    8.152  0 0.0000 0.0000 0.000 7
     980    8.160  0 0.0000 0.0000 0.000 7
     981    8.169  0 0.0000 0.0000 0.000 7
     982    8.177  0 0.0000 0.0000 0.000 7
     983    8.185  0 0.0000 0.0000 0.000 7
     984    8.194  0 0.0000 0.0000 0.000 7
     985    8.202  0 0.0000 0.0000 0.000 7
     986    8.210  0 0.0000 0.0000 0.000 7
     987    8.219  0 0.0000 0.0000 0.000 7
     988    8.227  0 0.0000 0.0000 0.000 7
     989    8.235  0 0.0000 0.0000 0.000 7
     990    8.244  0 0.0000 0.0000 0.000 7
     991    8.252  0 0.0000 0.0000 0.000 7
     992    8.260  0 0.0000 0.0000 0.000 7
     993    8.269  0 0.0000 0.0000 0.000 7
     994    8.277  0 0.0000 0.0000 0.000 7
     995    8.285  0 0.0000 0.0000 0.000 7
     996    8.294  0 0.0000 0.0000 0.000 7
     997    8.302  0 0.0000 0.0000 0.000 7
     998    8.310  0 0.0000 0.0000 0.000 7
     999    8.319  0 0.0000 0.0000 0.000 7
    1000    8.327  0 0.0000 0.0000 0.000 7
    1001    8.335  0 0.0000 0.0000 0.000 7
    1002    8.344  0 0.0000 0.0000 0.000 7
    1003    8.352  0 0.0000 0.0000 0.000 7
    1004    8.360  0 0.0000 0.0000 0.000 7
    1005    8.369  0 0.0000 0.0000 0.000 7
    1006    8.377  0 0.0000 0.0000 0.000 7
    1007    8.385  0 0.0000 0.0000 0.000 7
    1008    8.394  0 0.0000 0.0000 0.000 7
    1009    8.402  0 0.0000 0.0000 0.000 7
    1010    8.410  0 0.0000 0.0000 0.000 7
    1011    8.419  0 0.0000 0.0000 0.000 7
    1012    8.427  0 0.0000 0.0000 0.000 7
    1013    8.435  0 0.0000 0.0000 0.000 7
    1014    8.444  0 0.0000 0.0000 0.000 7
    1015    8.452  0 0.0000 0.0000 0.000 7
    1016    8.460  0 0.0000 0.0000 0.000 7
    1017    8.469  0 0.0000 0.0000 0.000 7
    1018    8.477  0 0.0000 0.0000 0.000 7
    1019    8.485  0 0.0000 0.0000 0.000 7
    1020    8.494  0 0.0000 0.0000 0.000 7
    1021    8.502  0 0.0000 0.0000 0.000 7
    1022    8.510  0 0.0000 0.0000 0.000 7
    1023    8.519  0 0.0000 0.0000 0.000 7
    1024    8.527  0 0.0000 0.0000 0.000 7
    1025    8.535  0 0.0000 0.0000 0.000 7
    1026    8.544  0 0.0000 0.0000 0.000 7
    1027    8.552  0 0.0000 0.0000 0.000 7
    1028    8.561  0 0.0000 0.0000 0.000 7
    1029    8.569  0 0.0000 0.0000 0.000 7
    1030    8.577  0 0.0000 0.0000 0.000 7
    1031    8.585  0 0.0000 0.0000 0.000 7
    1032    8.594  0 0.0000 0.0000 0.000 7
    1033    8.602  0 0.0000 0.0000 0.000 7
    1034    8.610  0 0.0000 0.0000 0.000 7
    1035    8.619  0 0.0000 0.0000 0.000 7
    1036    8.627  0 0.0000 0.0000 0.000 7
    1037    8.635  0 0.0000 0.0000 0.000 7
    1038    8.644  0 0.0000 0.0000 0.000 7
    1039    8.652  0 0.0000 0.0000 0.000 7
    1040    8.660  0 0.0000 0.0000 0.000 7
    1041    8.669  0 0.0000 0.0000 0.000 7
    1042    8.677  0 0.0000 0.0000 0.000 7
    1043    8.685  0 0.0000 0.0000 0.000 7
    1044    8.694  0 0.0000 0.0000 0.000 7
    1045    8.702  0 0.0000 0.0000 0.000 7
    1046    8.710  0 0.0000 0.0000 0.000 7
    1047    8.719  0 0.0000 0.0000 0.000 7
    1048    8.727  0 0.0000 0.0000 0.000 7
    1049    8.735  0 0.0000 0.0000 0.000 7
    1050    8.744  0 0.0000 0.0000 0.000 7
    1051    8.752  0 0.0000 0.0000 0.000 7
    1052    8.760  0 0.0000 0.0000 0.000 7
    1053    8.769  0 0.0000 0.0000 0.000 7
    1054    8.777  0 0.0000 0.0000 0.000 7
    1055    8.785  0 0.0000 0.0000 0.000 7
    1056    8.794  0 0.0000 0.0000 0.000 7
    1057    8.802  0 0.0000 0.0000 0.000 7
    1058    8.810  0 0.0000 0.0000 0.000 7
    1059    8.819  0 0.0000 0.0000 0.000 7
    1060    8.827  0 0.0000 0.0000 0.000 7
    1061    8.835  0 0.0000 0.0000 0.000 7
    1062    8.844  0 0.0000 0.0000 0.000 7
    1063    8.852  0 0.0000 0.0000 0.000 7
    1064    8.860  0 0.0000 0.0000 0.000 7
    1065    8.869  0 0.0000 0.0000 0.000 7
    1066    8.877  0 0.0000 0.0000 0.000 7
    1067    8.885  0 0.0000 0.0000 0.000 7
    1068    8.894  0 0.0000 0.0000 0.000 7
    1069    8.902  0 0.0000 0.0000 0.000 7
    1070    8.910  0 0.0000 0.0000 0.000 7
    1071    8.919  0 0.0000 0.0000 0.000 7
    1072    8.927  0 0.0000 0.0000 0.000 7
    1073    8.935  0 0.0000 0.0000 0.000 7
    1074    8.944  0 0.0000 0.0000 0.000 7
    1075    8.952  0 0.0000 0.0000 0.000 7
    1076    8.960  0 0.0000 0.0000 0.000 7
    1077    8.969  0 0.0000 0.0000 0.000 7
    1078    8.977  0 0.0000 0.0000 0.000 7
    1079    8.985  0 0.0000 0.0000 0.000 7
    1080    8.994  0 0.0000 0.0000 0.000 7
    1081    9.002  0 0.0000 0.0000 0.000 8
    1082    9.010  0 0.0000 0.0000 0.000 8
    1083    9.019  0 0.0000 0.0000 0.000 8
    1084    9.027  0 0.0000 0.0000 0.000 8
    1085    9.035  0 0.0000 0.0000 0.000 8
    1086    9.044  2 0.0000 0.0000 0.000 8
    1087    9.052  2 0.0000 0.0000 0.000 8
    1088    9.060  2 0.0000 0.0000 0.000 8
    1089    9.069  2 0.0000 0.0000 0.000 8
    1090    9.077  2 0.0000 0.0000 0.000 8
    1091    9.085  2 0.0000 0.0000 0.000 8
    1092    9.094  2 0.0000 0.0000 0.000 8
    1093    9.102  2 0.0000 0.0000 0.000 8
    1094    9.110  2 0.0000 0.0000 0.000 8
    1095    9.119  2 0.0000 0.0000 0.000 8
    1096    9.127  2 0.0000 0.0000 0.000 8
    1097    9.135  2 0.0000 0.0000 0.000 8
    1098    9.144  2 0.0000 0.0000 0.000 8
    1099    9.152  2 0.0000 0.0000 0.000 8
    1100    9.160  2 0.0000 0.0000 0.000 8
    1101    9.169  2 0.0000 0.0000 0.000 8
    1102    9.177  2 0.0000 0.0000 0.000 8
    1103    9.185  2 0.0000 0.0000 0.000 8
    1104    9.194  2 0.0000 0.0000 0.000 8
    1105    9.202  2 0.0000 0.0000 0.000 8
    1106    9.210  2 0.0000 0.0000 0.000 8
    1107    9.219  2 0.0000 0.0000 0.000 8
    1108    9.227  2 0.0000 0.0000 0.000 8
    1109    9.235  2 0.0000 0.0000 0.000 8
    1110    9.244  2 0.0000 0.0000 0.000 8
    1111    9.252  2 0.0000 0.0000 0.000 8
    1112    9.260  2 0.0000 0.0000 0.000 8
    1113    9.269  2 0.0000 0.0000 0.000 8
    1114    9.277  2 0.0000 0.0000 0.000 8
    1115    9.285  2 0.0000 0.0000 0.000 8
    1116    9.294  2 0.0000 0.0000 0.000 8
    1117    9.302  2 0.0000 0.0000 0.000 8
    1118    9.310  2 0.0000 0.0000 0.000 8
    1119    9.319  2 0.0000 0.0000 0.000 8
    1120    9.327  2 0.0000 0.0000 0.000 8
    1121    9.335  2 0.0000 0.0000 0.000 8
    1122    9.344  2 0.0000 0.0000 0.000 8
    1123    9.352  2 0.0000 0.0000 0.000 8
    1124    9.360  2 0.0000 0.0000 0.000 8
    1125    9.369  2 0.0000 0.0000 0.000 8
    1126    9.377  2 0.0000 0.0000 0.000 8
    1127    9.385  2 0.0000 0.0000 0.000 8
    1128    9.394  2 0.0000 0.0000 0.000 8
    1129    9.402  2 0.0000 0.0000 0.000 8
    1130    9.410  2 0.0000 0.0000 0.000 8
    1131    9.419  2 0.0000 0.0000 0.000 8
    1132    9.427  2 0.0000 0.0000 0.000 8
    1133    9.435  2 0.0000 0.0000 0.000 8
    1134    9.444  2 0.0000 0.0000 0.000 8
    1135    9.452  2 0.0000 0.0000 0.000 8
    1136    9.460  2 0.0000 0.0000 0.000 8
    1137    9.469  2 0.0000 0.0000 0.000 8
    1138    9.477  2 0.0000 0.0000 0.000 8
    1139    9.485  2 0.0000 0.0000 0.000 8
