C:\Users\Clandininlab\Desktop\2pstim_wNI_LB\Debug\Data\viewpositions131218.txt 
       1    0.047  0 -24.0000 0.0000 0.000 0
       2    0.051  0 -21.0000 0.0000 0.000 0
       3    0.053  0 -18.0000 0.0000 0.000 0
       4    0.055  0 -15.0000 0.0000 0.000 0
       5    0.058  0 -12.0000 0.0000 0.000 0
       6    0.061  0 -9.0000 0.0000 0.000 0
       7    0.063  0 -6.0000 0.0000 0.000 0
       8    0.065  0 -3.0000 0.0000 0.000 0
       9    0.069  0 0.0000 0.0000 0.000 0
      10    0.077  0 3.0000 0.0000 0.000 0
      11    0.086  0 6.0000 0.0000 0.000 0
      12    0.094  0 9.0000 0.0000 0.000 0
      13    0.102  0 12.0000 0.0000 0.000 0
      14    0.110  0 15.0000 0.0000 0.000 0
      15    0.119  0 18.0000 0.0000 0.000 0
      16    0.127  0 21.0000 0.0000 0.000 0
      17    0.135  0 24.0000 0.0000 0.000 0
      18    0.143  0 27.0000 0.0000 0.000 0
      19    0.152  0 0.0000 0.0000 0.000 0
      20    0.160  0 3.0000 0.0000 0.000 0
      21    0.168  0 6.0000 0.0000 0.000 0
      22    0.177  0 9.0000 0.0000 0.000 0
      23    0.185  0 12.0000 0.0000 0.000 0
      24    0.194  0 15.0000 0.0000 0.000 0
      25    0.202  0 18.0000 0.0000 0.000 0
      26    0.210  0 21.0000 0.0000 0.000 0
      27    0.218  0 24.0000 0.0000 0.000 0
      28    0.227  0 27.0000 0.0000 0.000 0
      29    0.235  0 0.0000 0.0000 0.000 0
      30    0.243  0 3.0000 0.0000 0.000 0
      31    0.252  0 6.0000 0.0000 0.000 0
      32    0.260  0 9.0000 0.0000 0.000 0
      33    0.268  0 12.0000 0.0000 0.000 0
      34    0.277  0 15.0000 0.0000 0.000 0
      35    0.285  0 18.0000 0.0000 0.000 0
      36    0.293  0 21.0000 0.0000 0.000 0
      37    0.302  0 24.0000 0.0000 0.000 0
      38    0.310  0 27.0000 0.0000 0.000 0
      39    0.318  0 0.0000 0.0000 0.000 0
      40    0.327  0 3.0000 0.0000 0.000 0
      41    0.335  0 6.0000 0.0000 0.000 0
      42    0.343  0 9.0000 0.0000 0.000 0
      43    0.352  0 12.0000 0.0000 0.000 0
      44    0.360  0 15.0000 0.0000 0.000 0
      45    0.369  0 18.0000 0.0000 0.000 0
      46    0.377  0 21.0000 0.0000 0.000 0
      47    0.385  0 24.0000 0.0000 0.000 0
      48    0.394  0 27.0000 0.0000 0.000 0
      49    0.402  0 0.0000 0.0000 0.000 0
      50    0.410  0 3.0000 0.0000 0.000 0
      51    0.419  0 6.0000 0.0000 0.000 0
      52    0.427  0 9.0000 0.0000 0.000 0
      53    0.435  0 12.0000 0.0000 0.000 0
      54    0.443  0 15.0000 0.0000 0.000 0
      55    0.452  0 18.0000 0.0000 0.000 0
      56    0.460  0 21.0000 0.0000 0.000 0
      57    0.468  0 24.0000 0.0000 0.000 0
      58    0.477  0 27.0000 0.0000 0.000 0
      59    0.485  0 0.0000 0.0000 0.000 0
      60    0.494  0 3.0000 0.0000 0.000 0
      61    0.502  0 6.0000 0.0000 0.000 0
      62    0.510  0 9.0000 0.0000 0.000 0
      63    0.518  0 12.0000 0.0000 0.000 0
      64    0.527  0 15.0000 0.0000 0.000 0
      65    0.535  0 18.0000 0.0000 0.000 0
      66    0.543  0 21.0000 0.0000 0.000 0
      67    0.552  0 24.0000 0.0000 0.000 0
      68    0.560  0 27.0000 0.0000 0.000 0
      69    0.568  0 0.0000 0.0000 0.000 0
      70    0.577  0 3.0000 0.0000 0.000 0
      71    0.585  0 6.0000 0.0000 0.000 0
      72    0.593  0 9.0000 0.0000 0.000 0
      73    0.602  0 12.0000 0.0000 0.000 0
      74    0.610  0 15.0000 0.0000 0.000 0
      75    0.618  0 18.0000 0.0000 0.000 0
      76    0.627  0 21.0000 0.0000 0.000 0
      77    0.635  0 24.0000 0.0000 0.000 0
      78    0.643  0 27.0000 0.0000 0.000 0
      79    0.652  0 0.0000 0.0000 0.000 0
      80    0.660  0 3.0000 0.0000 0.000 0
      81    0.668  0 6.0000 0.0000 0.000 0
      82    0.677  0 9.0000 0.0000 0.000 0
      83    0.685  0 12.0000 0.0000 0.000 0
      84    0.693  0 15.0000 0.0000 0.000 0
      85    0.702  0 18.0000 0.0000 0.000 0
      86    0.710  0 21.0000 0.0000 0.000 0
      87    0.718  0 24.0000 0.0000 0.000 0
      88    0.727  0 27.0000 0.0000 0.000 0
      89    0.735  0 0.0000 0.0000 0.000 0
      90    0.743  0 3.0000 0.0000 0.000 0
      91    0.752  0 6.0000 0.0000 0.000 0
      92    0.760  0 9.0000 0.0000 0.000 0
      93    0.768  0 12.0000 0.0000 0.000 0
      94    0.777  0 15.0000 0.0000 0.000 0
      95    0.785  0 18.0000 0.0000 0.000 0
      96    0.793  0 21.0000 0.0000 0.000 0
      97    0.802  0 24.0000 0.0000 0.000 0
      98    0.810  0 27.0000 0.0000 0.000 0
      99    0.818  0 0.0000 0.0000 0.000 0
     100    0.827  0 3.0000 0.0000 0.000 0
     101    0.835  0 6.0000 0.0000 0.000 0
     102    0.843  0 9.0000 0.0000 0.000 0
     103    0.852  0 12.0000 0.0000 0.000 0
     104    0.860  0 15.0000 0.0000 0.000 0
     105    0.868  0 18.0000 0.0000 0.000 0
     106    0.878  0 21.0000 0.0000 0.000 0
     107    0.885  0 24.0000 0.0000 0.000 0
     108    0.893  0 27.0000 0.0000 0.000 0
     109    0.902  0 0.0000 0.0000 0.000 0
     110    0.910  0 3.0000 0.0000 0.000 0
     111    0.918  0 6.0000 0.0000 0.000 0
     112    0.927  0 9.0000 0.0000 0.000 0
     113    0.935  0 12.0000 0.0000 0.000 0
     114    0.943  0 15.0000 0.0000 0.000 0
     115    0.952  0 18.0000 0.0000 0.000 0
     116    0.960  0 21.0000 0.0000 0.000 0
     117    0.968  0 24.0000 0.0000 0.000 0
     118    0.977  0 27.0000 0.0000 0.000 0
     119    0.985  0 0.0000 0.0000 0.000 0
     120    0.993  0 3.0000 0.0000 0.000 0
     121    1.002  0 6.0000 0.0000 0.000 0
     122    1.010  0 9.0000 0.0000 0.000 0
     123    1.018  0 12.0000 0.0000 0.000 0
     124    1.027  0 15.0000 0.0000 0.000 0
     125    1.035  0 18.0000 0.0000 0.000 0
     126    1.043  0 21.0000 0.0000 0.000 0
