C:\Users\Clandininlab\Desktop\2pstim_wNI_LB\Debug\Data\fullfieldcontrast_rand9_16ms.txt 
       1    0.023  1 0.0000 0.0000 0.000 7
       2    0.027  1 0.0000 0.0000 0.000 7
       3    0.029  1 0.0000 0.0000 0.000 7
       4    0.031  1 0.0000 0.0000 0.000 8
       5    0.036  1 0.0000 0.0000 0.000 8
       6    0.043  2 0.0000 0.0000 0.000 9
       7    0.052  2 0.0000 0.0000 0.000 10
       8    0.060  7 0.0000 0.0000 0.000 10
       9    0.069  7 0.0000 0.0000 0.000 11
      10    0.077  4 0.0000 0.0000 0.000 12
      11    0.086  4 0.0000 0.0000 0.000 12
      12    0.093  4 0.0000 0.0000 0.000 13
      13    0.102  4 0.0000 0.0000 0.000 14
      14    0.110  8 0.0000 0.0000 0.000 15
      15    0.119  8 0.0000 0.0000 0.000 15
      16    0.127  5 0.0000 0.0000 0.000 16
      17    0.135  5 0.0000 0.0000 0.000 16
      18    0.143  7 0.0000 0.0000 0.000 17
      19    0.152  7 0.0000 0.0000 0.000 18
      20    0.160  8 0.0000 0.0000 0.000 19
      21    0.168  8 0.0000 0.0000 0.000 19
      22    0.177  2 0.0000 0.0000 0.000 20
      23    0.185  2 0.0000 0.0000 0.000 21
      24    0.194  7 0.0000 0.0000 0.000 21
      25    0.202  7 0.0000 0.0000 0.000 22
      26    0.210  7 0.0000 0.0000 0.000 23
      27    0.218  7 0.0000 0.0000 0.000 23
      28    0.227  3 0.0000 0.0000 0.000 24
      29    0.235  3 0.0000 0.0000 0.000 25
      30    0.243  4 0.0000 0.0000 0.000 25
      31    0.252  4 0.0000 0.0000 0.000 26
      32    0.260  6 0.0000 0.0000 0.000 27
      33    0.268  6 0.0000 0.0000 0.000 27
      34    0.277  1 0.0000 0.0000 0.000 28
      35    0.285  1 0.0000 0.0000 0.000 29
      36    0.293  6 0.0000 0.0000 0.000 30
      37    0.302  6 0.0000 0.0000 0.000 30
      38    0.310  7 0.0000 0.0000 0.000 31
      39    0.318  7 0.0000 0.0000 0.000 32
      40    0.327  8 0.0000 0.0000 0.000 32
      41    0.335  8 0.0000 0.0000 0.000 33
      42    0.343  7 0.0000 0.0000 0.000 34
      43    0.352  7 0.0000 0.0000 0.000 34
      44    0.360  0 0.0000 0.0000 0.000 35
      45    0.368  0 0.0000 0.0000 0.000 36
      46    0.377  6 0.0000 0.0000 0.000 36
      47    0.385  6 0.0000 0.0000 0.000 37
      48    0.393  7 0.0000 0.0000 0.000 38
      49    0.402  7 0.0000 0.0000 0.000 38
      50    0.410  5 0.0000 0.0000 0.000 39
      51    0.418  5 0.0000 0.0000 0.000 40
      52    0.427  7 0.0000 0.0000 0.000 41
      53    0.435  7 0.0000 0.0000 0.000 41
      54    0.444  5 0.0000 0.0000 0.000 42
      55    0.452  5 0.0000 0.0000 0.000 43
      56    0.460  5 0.0000 0.0000 0.000 43
      57    0.468  5 0.0000 0.0000 0.000 44
      58    0.477  5 0.0000 0.0000 0.000 45
      59    0.485  6 0.0000 0.0000 0.000 45
      60    0.493  6 0.0000 0.0000 0.000 46
      61    0.502  8 0.0000 0.0000 0.000 47
      62    0.510  8 0.0000 0.0000 0.000 47
      63    0.518  0 0.0000 0.0000 0.000 48
      64    0.527  0 0.0000 0.0000 0.000 49
      65    0.535  2 0.0000 0.0000 0.000 49
      66    0.543  2 0.0000 0.0000 0.000 50
      67    0.552  1 0.0000 0.0000 0.000 51
      68    0.560  1 0.0000 0.0000 0.000 51
      69    0.568  1 0.0000 0.0000 0.000 52
      70    0.577  1 0.0000 0.0000 0.000 53
      71    0.585  6 0.0000 0.0000 0.000 54
      72    0.593  6 0.0000 0.0000 0.000 54
      73    0.602  1 0.0000 0.0000 0.000 55
      74    0.610  1 0.0000 0.0000 0.000 56
      75    0.618  8 0.0000 0.0000 0.000 56
      76    0.627  8 0.0000 0.0000 0.000 57
      77    0.635  8 0.0000 0.0000 0.000 58
      78    0.643  8 0.0000 0.0000 0.000 58
      79    0.652  0 0.0000 0.0000 0.000 59
      80    0.660  0 0.0000 0.0000 0.000 60
      81    0.668  0 0.0000 0.0000 0.000 60
      82    0.677  0 0.0000 0.0000 0.000 61
      83    0.685  6 0.0000 0.0000 0.000 62
      84    0.693  6 0.0000 0.0000 0.000 62
      85    0.702  3 0.0000 0.0000 0.000 63
      86    0.710  3 0.0000 0.0000 0.000 64
      87    0.718  0 0.0000 0.0000 0.000 65
      88    0.727  0 0.0000 0.0000 0.000 65
      89    0.735  8 0.0000 0.0000 0.000 66
      90    0.743  8 0.0000 0.0000 0.000 67
      91    0.752  8 0.0000 0.0000 0.000 67
      92    0.760  8 0.0000 0.0000 0.000 68
      93    0.769  4 0.0000 0.0000 0.000 69
      94    0.777  4 0.0000 0.0000 0.000 69
      95    0.785  4 0.0000 0.0000 0.000 70
      96    0.793  4 0.0000 0.0000 0.000 71
      97    0.802  6 0.0000 0.0000 0.000 71
      98    0.811  6 0.0000 0.0000 0.000 72
      99    0.818  4 0.0000 0.0000 0.000 73
     100    0.827  4 0.0000 0.0000 0.000 73
     101    0.835  4 0.0000 0.0000 0.000 74
     102    0.843  4 0.0000 0.0000 0.000 75
     103    0.852  7 0.0000 0.0000 0.000 76
     104    0.860  7 0.0000 0.0000 0.000 76
     105    0.868  5 0.0000 0.0000 0.000 77
     106    0.877  5 0.0000 0.0000 0.000 78
     107    0.885  1 0.0000 0.0000 0.000 78
     108    0.893  1 0.0000 0.0000 0.000 79
     109    0.902  3 0.0000 0.0000 0.000 80
     110    0.910  3 0.0000 0.0000 0.000 80
     111    0.918  2 0.0000 0.0000 0.000 81
     112    0.927  2 0.0000 0.0000 0.000 82
     113    0.935  6 0.0000 0.0000 0.000 82
     114    0.943  6 0.0000 0.0000 0.000 83
     115    0.952  5 0.0000 0.0000 0.000 84
     116    0.960  5 0.0000 0.0000 0.000 84
     117    0.968  4 0.0000 0.0000 0.000 85
     118    0.977  4 0.0000 0.0000 0.000 86
     119    0.985  6 0.0000 0.0000 0.000 86
     120    0.993  6 0.0000 0.0000 0.000 87
     121    1.002  8 0.0000 0.0000 0.000 88
     122    1.010  8 0.0000 0.0000 0.000 89
     123    1.018  1 0.0000 0.0000 0.000 89
     124    1.027  1 0.0000 0.0000 0.000 90
     125    1.035  0 0.0000 0.0000 0.000 91
     126    1.043  0 0.0000 0.0000 0.000 91
     127    1.052  0 0.0000 0.0000 0.000 92
     128    1.060  0 0.0000 0.0000 0.000 93
     129    1.068  8 0.0000 0.0000 0.000 93
     130    1.077  8 0.0000 0.0000 0.000 94
     131    1.085  8 0.0000 0.0000 0.000 95
     132    1.093  8 0.0000 0.0000 0.000 95
     133    1.102  0 0.0000 0.0000 0.000 96
     134    1.110  0 0.0000 0.0000 0.000 97
     135    1.118  7 0.0000 0.0000 0.000 97
     136    1.127  7 0.0000 0.0000 0.000 98
     137    1.135  1 0.0000 0.0000 0.000 99
     138    1.143  1 0.0000 0.0000 0.000 100
     139    1.152  7 0.0000 0.0000 0.000 100
     140    1.160  7 0.0000 0.0000 0.000 101
     141    1.168  7 0.0000 0.0000 0.000 102
     142    1.177  7 0.0000 0.0000 0.000 102
     143    1.185  3 0.0000 0.0000 0.000 103
     144    1.193  3 0.0000 0.0000 0.000 104
     145    1.202  7 0.0000 0.0000 0.000 104
     146    1.210  7 0.0000 0.0000 0.000 105
     147    1.218  5 0.0000 0.0000 0.000 106
     148    1.227  5 0.0000 0.0000 0.000 106
     149    1.235  1 0.0000 0.0000 0.000 107
     150    1.243  1 0.0000 0.0000 0.000 108
     151    1.252  5 0.0000 0.0000 0.000 108
     152    1.260  5 0.0000 0.0000 0.000 109
     153    1.268  0 0.0000 0.0000 0.000 110
     154    1.277  0 0.0000 0.0000 0.000 111
     155    1.285  4 0.0000 0.0000 0.000 111
     156    1.293  4 0.0000 0.0000 0.000 112
     157    1.302  0 0.0000 0.0000 0.000 113
     158    1.310  0 0.0000 0.0000 0.000 113
     159    1.318  6 0.0000 0.0000 0.000 114
     160    1.327  6 0.0000 0.0000 0.000 115
     161    1.335  4 0.0000 0.0000 0.000 115
     162    1.343  4 0.0000 0.0000 0.000 116
     163    1.352  8 0.0000 0.0000 0.000 117
     164    1.360  8 0.0000 0.0000 0.000 117
     165    1.368  7 0.0000 0.0000 0.000 118
     166    1.377  7 0.0000 0.0000 0.000 119
     167    1.385  0 0.0000 0.0000 0.000 119
     168    1.393  0 0.0000 0.0000 0.000 120
     169    1.402  2 0.0000 0.0000 0.000 121
     170    1.410  2 0.0000 0.0000 0.000 122
     171    1.419  8 0.0000 0.0000 0.000 122
     172    1.427  8 0.0000 0.0000 0.000 123
     173    1.435  8 0.0000 0.0000 0.000 124
     174    1.443  8 0.0000 0.0000 0.000 124
     175    1.452  6 0.0000 0.0000 0.000 125
     176    1.460  6 0.0000 0.0000 0.000 126
     177    1.468  0 0.0000 0.0000 0.000 126
     178    1.477  0 0.0000 0.0000 0.000 127
     179    1.485  0 0.0000 0.0000 0.000 128
     180    1.493  0 0.0000 0.0000 0.000 128
     181    1.502  3 0.0000 0.0000 0.000 129
     182    1.510  3 0.0000 0.0000 0.000 130
     183    1.519  5 0.0000 0.0000 0.000 130
     184    1.527  5 0.0000 0.0000 0.000 131
     185    1.535  5 0.0000 0.0000 0.000 132
     186    1.543  5 0.0000 0.0000 0.000 132
     187    1.552  4 0.0000 0.0000 0.000 133
     188    1.560  4 0.0000 0.0000 0.000 134
     189    1.568  4 0.0000 0.0000 0.000 135
     190    1.577  4 0.0000 0.0000 0.000 135
     191    1.585  3 0.0000 0.0000 0.000 136
     192    1.593  3 0.0000 0.0000 0.000 137
     193    1.602  2 0.0000 0.0000 0.000 137
     194    1.610  2 0.0000 0.0000 0.000 138
     195    1.618  0 0.0000 0.0000 0.000 139
     196    1.627  0 0.0000 0.0000 0.000 139
     197    1.635  2 0.0000 0.0000 0.000 140
     198    1.643  2 0.0000 0.0000 0.000 141
     199    1.652  8 0.0000 0.0000 0.000 141
     200    1.660  8 0.0000 0.0000 0.000 142
     201    1.668  4 0.0000 0.0000 0.000 143
     202    1.677  4 0.0000 0.0000 0.000 143
     203    1.685  1 0.0000 0.0000 0.000 144
     204    1.693  1 0.0000 0.0000 0.000 145
     205    1.702  3 0.0000 0.0000 0.000 146
     206    1.710  3 0.0000 0.0000 0.000 146
     207    1.718  7 0.0000 0.0000 0.000 147
     208    1.727  7 0.0000 0.0000 0.000 148
     209    1.735  8 0.0000 0.0000 0.000 148
     210    1.743  8 0.0000 0.0000 0.000 149
     211    1.752  3 0.0000 0.0000 0.000 150
     212    1.760  3 0.0000 0.0000 0.000 150
     213    1.768  2 0.0000 0.0000 0.000 151
     214    1.777  2 0.0000 0.0000 0.000 152
     215    1.785  7 0.0000 0.0000 0.000 152
     216    1.793  7 0.0000 0.0000 0.000 153
     217    1.802  5 0.0000 0.0000 0.000 154
     218    1.810  5 0.0000 0.0000 0.000 154
     219    1.818  0 0.0000 0.0000 0.000 155
     220    1.827  0 0.0000 0.0000 0.000 156
     221    1.835  3 0.0000 0.0000 0.000 157
     222    1.843  3 0.0000 0.0000 0.000 157
     223    1.852  1 0.0000 0.0000 0.000 158
     224    1.860  1 0.0000 0.0000 0.000 159
     225    1.868  7 0.0000 0.0000 0.000 159
     226    1.877  7 0.0000 0.0000 0.000 160
     227    1.885  0 0.0000 0.0000 0.000 161
     228    1.893  0 0.0000 0.0000 0.000 161
     229    1.902  0 0.0000 0.0000 0.000 162
     230    1.910  0 0.0000 0.0000 0.000 163
     231    1.918  2 0.0000 0.0000 0.000 163
     232    1.927  2 0.0000 0.0000 0.000 164
     233    1.935  3 0.0000 0.0000 0.000 165
     234    1.944  3 0.0000 0.0000 0.000 165
     235    1.952  6 0.0000 0.0000 0.000 166
     236    1.960  6 0.0000 0.0000 0.000 167
     237    1.968  7 0.0000 0.0000 0.000 167
     238    1.977  7 0.0000 0.0000 0.000 168
     239    1.985  2 0.0000 0.0000 0.000 169
     240    1.993  2 0.0000 0.0000 0.000 170
     241    2.002  8 0.0000 0.0000 0.000 170
     242    2.010  8 0.0000 0.0000 0.000 171
     243    2.018  3 0.0000 0.0000 0.000 172
     244    2.027  3 0.0000 0.0000 0.000 172
     245    2.035  5 0.0000 0.0000 0.000 173
     246    2.043  5 0.0000 0.0000 0.000 174
     247    2.052  6 0.0000 0.0000 0.000 174
     248    2.060  6 0.0000 0.0000 0.000 175
     249    2.068  1 0.0000 0.0000 0.000 176
     250    2.077  1 0.0000 0.0000 0.000 176
     251    2.085  8 0.0000 0.0000 0.000 177
     252    2.093  8 0.0000 0.0000 0.000 178
     253    2.102  2 0.0000 0.0000 0.000 178
     254    2.110  2 0.0000 0.0000 0.000 179
     255    2.118  2 0.0000 0.0000 0.000 180
     256    2.127  2 0.0000 0.0000 0.000 181
     257    2.135  5 0.0000 0.0000 0.000 181
     258    2.143  5 0.0000 0.0000 0.000 182
