C:\Users\Clandininlab\Desktop\2pstim_wNI_LB\Debug\Data\fullfieldcontrast_0.3s.txt 
       1    0.025  0 0.0000 0.0000 0.000 6
       2    0.029  0 0.0000 0.0000 0.000 6
       3    0.031  0 0.0000 0.0000 0.000 7
       4    0.033  0 0.0000 0.0000 0.000 7
       5    0.036  0 0.0000 0.0000 0.000 8
       6    0.044  0 0.0000 0.0000 0.000 8
       7    0.052  0 0.0000 0.0000 0.000 9
       8    0.060  0 0.0000 0.0000 0.000 10
       9    0.069  0 0.0000 0.0000 0.000 10
      10    0.077  0 0.0000 0.0000 0.000 11
      11    0.086  0 0.0000 0.0000 0.000 12
      12    0.094  0 0.0000 0.0000 0.000 12
      13    0.102  0 0.0000 0.0000 0.000 13
      14    0.110  0 0.0000 0.0000 0.000 14
      15    0.119  0 0.0000 0.0000 0.000 14
      16    0.127  0 0.0000 0.0000 0.000 15
      17    0.135  0 0.0000 0.0000 0.000 16
      18    0.143  0 0.0000 0.0000 0.000 16
      19    0.152  0 0.0000 0.0000 0.000 17
      20    0.160  0 0.0000 0.0000 0.000 18
      21    0.168  0 0.0000 0.0000 0.000 18
      22    0.177  0 0.0000 0.0000 0.000 19
      23    0.185  0 0.0000 0.0000 0.000 20
      24    0.194  0 0.0000 0.0000 0.000 21
      25    0.202  0 0.0000 0.0000 0.000 21
      26    0.210  0 0.0000 0.0000 0.000 22
      27    0.218  0 0.0000 0.0000 0.000 23
      28    0.227  0 0.0000 0.0000 0.000 23
      29    0.235  0 0.0000 0.0000 0.000 24
      30    0.243  0 0.0000 0.0000 0.000 25
      31    0.252  0 0.0000 0.0000 0.000 25
      32    0.260  0 0.0000 0.0000 0.000 26
      33    0.268  0 0.0000 0.0000 0.000 27
      34    0.277  0 0.0000 0.0000 0.000 27
      35    0.285  0 0.0000 0.0000 0.000 28
      36    0.294  0 0.0000 0.0000 0.000 29
      37    0.302  2 0.0000 0.0000 0.000 29
      38    0.310  2 0.0000 0.0000 0.000 30
      39    0.318  2 0.0000 0.0000 0.000 31
      40    0.327  2 0.0000 0.0000 0.000 32
      41    0.335  2 0.0000 0.0000 0.000 32
      42    0.343  2 0.0000 0.0000 0.000 33
      43    0.352  2 0.0000 0.0000 0.000 34
      44    0.360  2 0.0000 0.0000 0.000 34
      45    0.368  2 0.0000 0.0000 0.000 35
      46    0.377  2 0.0000 0.0000 0.000 36
      47    0.385  2 0.0000 0.0000 0.000 36
      48    0.393  2 0.0000 0.0000 0.000 37
      49    0.402  2 0.0000 0.0000 0.000 38
      50    0.410  2 0.0000 0.0000 0.000 38
      51    0.418  2 0.0000 0.0000 0.000 39
      52    0.427  2 0.0000 0.0000 0.000 40
      53    0.435  2 0.0000 0.0000 0.000 40
      54    0.443  2 0.0000 0.0000 0.000 41
      55    0.452  2 0.0000 0.0000 0.000 42
      56    0.460  2 0.0000 0.0000 0.000 43
      57    0.468  2 0.0000 0.0000 0.000 43
      58    0.477  2 0.0000 0.0000 0.000 44
      59    0.485  2 0.0000 0.0000 0.000 45
      60    0.493  2 0.0000 0.0000 0.000 45
      61    0.502  2 0.0000 0.0000 0.000 46
      62    0.510  2 0.0000 0.0000 0.000 47
      63    0.518  2 0.0000 0.0000 0.000 47
      64    0.527  2 0.0000 0.0000 0.000 48
      65    0.535  2 0.0000 0.0000 0.000 49
      66    0.543  2 0.0000 0.0000 0.000 49
      67    0.552  2 0.0000 0.0000 0.000 50
      68    0.560  2 0.0000 0.0000 0.000 51
      69    0.568  2 0.0000 0.0000 0.000 51
      70    0.577  2 0.0000 0.0000 0.000 52
      71    0.585  2 0.0000 0.0000 0.000 53
      72    0.593  2 0.0000 0.0000 0.000 53
      73    0.602  2 0.0000 0.0000 0.000 54
      74    0.610  0 0.0000 0.0000 0.000 55
      75    0.618  0 0.0000 0.0000 0.000 56
      76    0.627  0 0.0000 0.0000 0.000 56
      77    0.635  0 0.0000 0.0000 0.000 57
      78    0.643  0 0.0000 0.0000 0.000 58
      79    0.652  0 0.0000 0.0000 0.000 58
      80    0.660  0 0.0000 0.0000 0.000 59
      81    0.668  0 0.0000 0.0000 0.000 60
      82    0.677  0 0.0000 0.0000 0.000 60
      83    0.685  0 0.0000 0.0000 0.000 61
      84    0.693  0 0.0000 0.0000 0.000 62
      85    0.702  0 0.0000 0.0000 0.000 62
      86    0.710  0 0.0000 0.0000 0.000 63
      87    0.718  0 0.0000 0.0000 0.000 64
      88    0.727  0 0.0000 0.0000 0.000 64
      89    0.735  0 0.0000 0.0000 0.000 65
      90    0.743  0 0.0000 0.0000 0.000 66
      91    0.752  0 0.0000 0.0000 0.000 67
      92    0.760  0 0.0000 0.0000 0.000 67
      93    0.769  0 0.0000 0.0000 0.000 68
      94    0.777  0 0.0000 0.0000 0.000 69
      95    0.785  0 0.0000 0.0000 0.000 69
      96    0.793  0 0.0000 0.0000 0.000 70
      97    0.802  0 0.0000 0.0000 0.000 71
      98    0.810  0 0.0000 0.0000 0.000 71
      99    0.818  0 0.0000 0.0000 0.000 72
     100    0.827  0 0.0000 0.0000 0.000 73
     101    0.835  0 0.0000 0.0000 0.000 73
     102    0.843  0 0.0000 0.0000 0.000 74
     103    0.852  0 0.0000 0.0000 0.000 75
     104    0.860  0 0.0000 0.0000 0.000 75
     105    0.868  0 0.0000 0.0000 0.000 76
     106    0.877  0 0.0000 0.0000 0.000 77
     107    0.885  0 0.0000 0.0000 0.000 78
     108    0.893  0 0.0000 0.0000 0.000 78
     109    0.902  0 0.0000 0.0000 0.000 79
     110    0.910  2 0.0000 0.0000 0.000 80
     111    0.919  2 0.0000 0.0000 0.000 80
     112    0.927  2 0.0000 0.0000 0.000 81
     113    0.935  2 0.0000 0.0000 0.000 82
     114    0.943  2 0.0000 0.0000 0.000 82
     115    0.952  2 0.0000 0.0000 0.000 83
     116    0.960  2 0.0000 0.0000 0.000 84
     117    0.968  2 0.0000 0.0000 0.000 84
     118    0.977  2 0.0000 0.0000 0.000 85
     119    0.985  2 0.0000 0.0000 0.000 86
     120    0.993  2 0.0000 0.0000 0.000 86
     121    1.002  2 0.0000 0.0000 0.000 87
     122    1.010  2 0.0000 0.0000 0.000 88
     123    1.018  2 0.0000 0.0000 0.000 88
     124    1.027  2 0.0000 0.0000 0.000 89
     125    1.035  2 0.0000 0.0000 0.000 90
     126    1.044  2 0.0000 0.0000 0.000 91
     127    1.052  2 0.0000 0.0000 0.000 91
     128    1.060  2 0.0000 0.0000 0.000 92
     129    1.069  2 0.0000 0.0000 0.000 93
     130    1.077  2 0.0000 0.0000 0.000 93
     131    1.085  2 0.0000 0.0000 0.000 94
     132    1.093  2 0.0000 0.0000 0.000 95
     133    1.102  2 0.0000 0.0000 0.000 95
     134    1.110  2 0.0000 0.0000 0.000 96
     135    1.119  2 0.0000 0.0000 0.000 97
     136    1.127  2 0.0000 0.0000 0.000 97
     137    1.135  2 0.0000 0.0000 0.000 98
     138    1.143  2 0.0000 0.0000 0.000 99
     139    1.152  2 0.0000 0.0000 0.000 99
     140    1.160  2 0.0000 0.0000 0.000 100
     141    1.169  2 0.0000 0.0000 0.000 101
     142    1.177  2 0.0000 0.0000 0.000 102
     143    1.185  2 0.0000 0.0000 0.000 102
     144    1.193  2 0.0000 0.0000 0.000 103
     145    1.202  2 0.0000 0.0000 0.000 104
     146    1.210  0 0.0000 0.0000 0.000 104
     147    1.219  0 0.0000 0.0000 0.000 105
     148    1.227  0 0.0000 0.0000 0.000 106
     149    1.235  0 0.0000 0.0000 0.000 106
     150    1.243  0 0.0000 0.0000 0.000 107
     151    1.252  0 0.0000 0.0000 0.000 108
     152    1.260  0 0.0000 0.0000 0.000 108
     153    1.269  0 0.0000 0.0000 0.000 109
     154    1.277  0 0.0000 0.0000 0.000 110
     155    1.285  0 0.0000 0.0000 0.000 110
     156    1.293  0 0.0000 0.0000 0.000 111
     157    1.302  0 0.0000 0.0000 0.000 112
     158    1.310  0 0.0000 0.0000 0.000 113
     159    1.318  0 0.0000 0.0000 0.000 113
     160    1.327  0 0.0000 0.0000 0.000 114
     161    1.335  0 0.0000 0.0000 0.000 115
     162    1.343  0 0.0000 0.0000 0.000 115
     163    1.352  0 0.0000 0.0000 0.000 116
     164    1.360  0 0.0000 0.0000 0.000 117
     165    1.368  0 0.0000 0.0000 0.000 117
     166    1.377  0 0.0000 0.0000 0.000 118
     167    1.385  0 0.0000 0.0000 0.000 119
     168    1.393  0 0.0000 0.0000 0.000 119
     169    1.402  0 0.0000 0.0000 0.000 120
     170    1.410  0 0.0000 0.0000 0.000 121
     171    1.418  0 0.0000 0.0000 0.000 121
     172    1.427  0 0.0000 0.0000 0.000 122
     173    1.435  0 0.0000 0.0000 0.000 123
     174    1.443  0 0.0000 0.0000 0.000 123
     175    1.452  0 0.0000 0.0000 0.000 124
     176    1.460  0 0.0000 0.0000 0.000 125
     177    1.468  0 0.0000 0.0000 0.000 126
     178    1.477  0 0.0000 0.0000 0.000 126
     179    1.485  0 0.0000 0.0000 0.000 127
     180    1.493  0 0.0000 0.0000 0.000 128
     181    1.502  0 0.0000 0.0000 0.000 128
     182    1.510  0 0.0000 0.0000 0.000 129
     183    1.518  2 0.0000 0.0000 0.000 130
     184    1.527  2 0.0000 0.0000 0.000 130
     185    1.535  2 0.0000 0.0000 0.000 131
     186    1.544  2 0.0000 0.0000 0.000 132
     187    1.552  2 0.0000 0.0000 0.000 132
     188    1.560  2 0.0000 0.0000 0.000 133
     189    1.568  2 0.0000 0.0000 0.000 134
     190    1.577  2 0.0000 0.0000 0.000 134
     191    1.585  2 0.0000 0.0000 0.000 135
     192    1.594  2 0.0000 0.0000 0.000 136
     193    1.602  2 0.0000 0.0000 0.000 137
     194    1.610  2 0.0000 0.0000 0.000 137
     195    1.619  2 0.0000 0.0000 0.000 138
     196    1.627  2 0.0000 0.0000 0.000 139
     197    1.635  2 0.0000 0.0000 0.000 139
     198    1.643  2 0.0000 0.0000 0.000 140
     199    1.652  2 0.0000 0.0000 0.000 141
     200    1.660  2 0.0000 0.0000 0.000 141
     201    1.668  2 0.0000 0.0000 0.000 142
     202    1.677  2 0.0000 0.0000 0.000 143
     203    1.685  2 0.0000 0.0000 0.000 143
     204    1.693  2 0.0000 0.0000 0.000 144
     205    1.702  2 0.0000 0.0000 0.000 145
     206    1.710  2 0.0000 0.0000 0.000 145
     207    1.718  2 0.0000 0.0000 0.000 146
     208    1.727  2 0.0000 0.0000 0.000 147
     209    1.735  2 0.0000 0.0000 0.000 148
     210    1.744  2 0.0000 0.0000 0.000 148
     211    1.752  2 0.0000 0.0000 0.000 149
     212    1.760  2 0.0000 0.0000 0.000 150
     213    1.768  2 0.0000 0.0000 0.000 150
     214    1.777  2 0.0000 0.0000 0.000 151
     215    1.785  2 0.0000 0.0000 0.000 152
     216    1.793  2 0.0000 0.0000 0.000 152
     217    1.802  2 0.0000 0.0000 0.000 153
     218    1.810  2 0.0000 0.0000 0.000 154
     219    1.818  2 0.0000 0.0000 0.000 154
     220    1.827  0 0.0000 0.0000 0.000 155
     221    1.835  0 0.0000 0.0000 0.000 156
     222    1.843  0 0.0000 0.0000 0.000 156
     223    1.852  0 0.0000 0.0000 0.000 157
     224    1.860  0 0.0000 0.0000 0.000 158
     225    1.868  0 0.0000 0.0000 0.000 158
     226    1.877  0 0.0000 0.0000 0.000 159
     227    1.885  0 0.0000 0.0000 0.000 160
     228    1.893  0 0.0000 0.0000 0.000 161
     229    1.902  0 0.0000 0.0000 0.000 161
     230    1.910  0 0.0000 0.0000 0.000 162
     231    1.918  0 0.0000 0.0000 0.000 163
     232    1.927  0 0.0000 0.0000 0.000 163
     233    1.935  0 0.0000 0.0000 0.000 164
     234    1.944  0 0.0000 0.0000 0.000 165
     235    1.952  0 0.0000 0.0000 0.000 165
     236    1.960  0 0.0000 0.0000 0.000 166
     237    1.968  0 0.0000 0.0000 0.000 167
     238    1.977  0 0.0000 0.0000 0.000 167
     239    1.985  0 0.0000 0.0000 0.000 168
     240    1.993  0 0.0000 0.0000 0.000 169
     241    2.002  0 0.0000 0.0000 0.000 169
     242    2.010  0 0.0000 0.0000 0.000 170
     243    2.018  0 0.0000 0.0000 0.000 171
     244    2.027  0 0.0000 0.0000 0.000 172
     245    2.035  0 0.0000 0.0000 0.000 172
     246    2.043  0 0.0000 0.0000 0.000 173
     247    2.052  0 0.0000 0.0000 0.000 174
     248    2.060  0 0.0000 0.0000 0.000 174
     249    2.068  0 0.0000 0.0000 0.000 175
     250    2.077  0 0.0000 0.0000 0.000 176
     251    2.085  0 0.0000 0.0000 0.000 176
     252    2.093  0 0.0000 0.0000 0.000 177
     253    2.102  0 0.0000 0.0000 0.000 178
     254    2.110  0 0.0000 0.0000 0.000 178
     255    2.118  0 0.0000 0.0000 0.000 179
     256    2.127  0 0.0000 0.0000 0.000 180
     257    2.135  2 0.0000 0.0000 0.000 180
     258    2.143  2 0.0000 0.0000 0.000 181
     259    2.152  2 0.0000 0.0000 0.000 182
     260    2.160  2 0.0000 0.0000 0.000 183
     261    2.168  2 0.0000 0.0000 0.000 183
     262    2.177  2 0.0000 0.0000 0.000 184
     263    2.185  2 0.0000 0.0000 0.000 185
     264    2.193  2 0.0000 0.0000 0.000 185
     265    2.202  2 0.0000 0.0000 0.000 186
     266    2.210  2 0.0000 0.0000 0.000 187
     267    2.218  2 0.0000 0.0000 0.000 187
     268    2.227  2 0.0000 0.0000 0.000 188
     269    2.235  2 0.0000 0.0000 0.000 189
     270    2.243  2 0.0000 0.0000 0.000 189
     271    2.252  2 0.0000 0.0000 0.000 190
     272    2.260  2 0.0000 0.0000 0.000 191
     273    2.268  2 0.0000 0.0000 0.000 191
     274    2.277  2 0.0000 0.0000 0.000 192
     275    2.285  2 0.0000 0.0000 0.000 193
     276    2.294  2 0.0000 0.0000 0.000 193
     277    2.302  2 0.0000 0.0000 0.000 194
     278    2.310  2 0.0000 0.0000 0.000 195
     279    2.318  2 0.0000 0.0000 0.000 196
     280    2.327  2 0.0000 0.0000 0.000 196
     281    2.335  2 0.0000 0.0000 0.000 197
     282    2.343  2 0.0000 0.0000 0.000 198
     283    2.352  2 0.0000 0.0000 0.000 198
     284    2.360  2 0.0000 0.0000 0.000 199
     285    2.368  2 0.0000 0.0000 0.000 200
     286    2.377  2 0.0000 0.0000 0.000 200
     287    2.385  2 0.0000 0.0000 0.000 201
     288    2.393  2 0.0000 0.0000 0.000 202
     289    2.402  2 0.0000 0.0000 0.000 202
     290    2.410  2 0.0000 0.0000 0.000 203
     291    2.418  2 0.0000 0.0000 0.000 204
     292    2.427  2 0.0000 0.0000 0.000 204
     293    2.435  2 0.0000 0.0000 0.000 205
     294    2.443  0 0.0000 0.0000 0.000 206
     295    2.452  0 0.0000 0.0000 0.000 207
     296    2.460  0 0.0000 0.0000 0.000 207
     297    2.469  0 0.0000 0.0000 0.000 208
     298    2.477  0 0.0000 0.0000 0.000 209
     299    2.485  0 0.0000 0.0000 0.000 209
     300    2.494  0 0.0000 0.0000 0.000 210
     301    2.502  0 0.0000 0.0000 0.000 211
     302    2.510  0 0.0000 0.0000 0.000 211
     303    2.519  0 0.0000 0.0000 0.000 212
     304    2.527  0 0.0000 0.0000 0.000 213
     305    2.535  0 0.0000 0.0000 0.000 213
     306    2.544  0 0.0000 0.0000 0.000 214
     307    2.552  0 0.0000 0.0000 0.000 215
     308    2.560  0 0.0000 0.0000 0.000 215
     309    2.569  0 0.0000 0.0000 0.000 216
     310    2.577  0 0.0000 0.0000 0.000 217
     311    2.585  0 0.0000 0.0000 0.000 218
     312    2.594  0 0.0000 0.0000 0.000 218
     313    2.602  0 0.0000 0.0000 0.000 219
     314    2.610  0 0.0000 0.0000 0.000 220
     315    2.619  0 0.0000 0.0000 0.000 220
     316    2.627  0 0.0000 0.0000 0.000 221
     317    2.635  0 0.0000 0.0000 0.000 222
     318    2.644  0 0.0000 0.0000 0.000 222
     319    2.652  0 0.0000 0.0000 0.000 223
     320    2.660  0 0.0000 0.0000 0.000 224
     321    2.669  0 0.0000 0.0000 0.000 224
     322    2.677  0 0.0000 0.0000 0.000 225
     323    2.685  0 0.0000 0.0000 0.000 226
     324    2.694  0 0.0000 0.0000 0.000 226
     325    2.702  0 0.0000 0.0000 0.000 227
     326    2.710  0 0.0000 0.0000 0.000 228
     327    2.719  0 0.0000 0.0000 0.000 229
     328    2.727  0 0.0000 0.0000 0.000 229
     329    2.735  0 0.0000 0.0000 0.000 230
     330    2.744  2 0.0000 0.0000 0.000 231
     331    2.752  2 0.0000 0.0000 0.000 231
     332    2.760  2 0.0000 0.0000 0.000 232
     333    2.769  2 0.0000 0.0000 0.000 233
     334    2.777  2 0.0000 0.0000 0.000 233
     335    2.785  2 0.0000 0.0000 0.000 234
     336    2.794  2 0.0000 0.0000 0.000 235
     337    2.802  2 0.0000 0.0000 0.000 235
     338    2.810  2 0.0000 0.0000 0.000 236
     339    2.819  2 0.0000 0.0000 0.000 237
     340    2.827  2 0.0000 0.0000 0.000 237
     341    2.835  2 0.0000 0.0000 0.000 238
     342    2.844  2 0.0000 0.0000 0.000 239
     343    2.852  2 0.0000 0.0000 0.000 239
     344    2.860  2 0.0000 0.0000 0.000 240
     345    2.869  2 0.0000 0.0000 0.000 241
     346    2.877  2 0.0000 0.0000 0.000 242
     347    2.885  2 0.0000 0.0000 0.000 242
     348    2.894  2 0.0000 0.0000 0.000 243
     349    2.902  2 0.0000 0.0000 0.000 244
     350    2.910  2 0.0000 0.0000 0.000 244
     351    2.919  2 0.0000 0.0000 0.000 245
     352    2.927  2 0.0000 0.0000 0.000 246
     353    2.935  2 0.0000 0.0000 0.000 246
     354    2.944  2 0.0000 0.0000 0.000 247
     355    2.952  2 0.0000 0.0000 0.000 248
     356    2.960  2 0.0000 0.0000 0.000 248
     357    2.969  2 0.0000 0.0000 0.000 249
     358    2.977  2 0.0000 0.0000 0.000 250
     359    2.985  2 0.0000 0.0000 0.000 250
     360    2.994  2 0.0000 0.0000 0.000 251
     361    3.002  2 0.0000 0.0000 0.000 252
     362    3.010  2 0.0000 0.0000 0.000 253
     363    3.019  2 0.0000 0.0000 0.000 253
     364    3.027  2 0.0000 0.0000 0.000 254
     365    3.035  2 0.0000 0.0000 0.000 255
     366    3.044  2 0.0000 0.0000 0.000 255
     367    3.052  0 0.0000 0.0000 0.000 256
     368    3.060  0 0.0000 0.0000 0.000 257
     369    3.069  0 0.0000 0.0000 0.000 257
     370    3.077  0 0.0000 0.0000 0.000 258
     371    3.085  0 0.0000 0.0000 0.000 259
     372    3.094  0 0.0000 0.0000 0.000 259
     373    3.102  0 0.0000 0.0000 0.000 260
     374    3.110  0 0.0000 0.0000 0.000 261
     375    3.119  0 0.0000 0.0000 0.000 261
     376    3.127  0 0.0000 0.0000 0.000 262
     377    3.135  0 0.0000 0.0000 0.000 263
     378    3.144  0 0.0000 0.0000 0.000 264
     379    3.152  0 0.0000 0.0000 0.000 264
     380    3.160  0 0.0000 0.0000 0.000 265
     381    3.169  0 0.0000 0.0000 0.000 266
     382    3.177  0 0.0000 0.0000 0.000 266
     383    3.185  0 0.0000 0.0000 0.000 267
     384    3.194  0 0.0000 0.0000 0.000 268
     385    3.202  0 0.0000 0.0000 0.000 268
     386    3.210  0 0.0000 0.0000 0.000 269
     387    3.219  0 0.0000 0.0000 0.000 270
     388    3.227  0 0.0000 0.0000 0.000 270
     389    3.235  0 0.0000 0.0000 0.000 271
     390    3.244  0 0.0000 0.0000 0.000 272
     391    3.252  0 0.0000 0.0000 0.000 272
     392    3.260  0 0.0000 0.0000 0.000 273
     393    3.269  0 0.0000 0.0000 0.000 274
     394    3.277  0 0.0000 0.0000 0.000 274
     395    3.285  0 0.0000 0.0000 0.000 275
     396    3.294  0 0.0000 0.0000 0.000 276
     397    3.302  0 0.0000 0.0000 0.000 277
     398    3.310  0 0.0000 0.0000 0.000 277
     399    3.319  0 0.0000 0.0000 0.000 278
     400    3.327  0 0.0000 0.0000 0.000 279
     401    3.335  0 0.0000 0.0000 0.000 279
     402    3.344  0 0.0000 0.0000 0.000 280
     403    3.352  0 0.0000 0.0000 0.000 281
     404    3.360  1 0.0000 0.0000 0.000 281
     405    3.369  1 0.0000 0.0000 0.000 282
     406    3.377  1 0.0000 0.0000 0.000 283
     407    3.385  1 0.0000 0.0000 0.000 283
     408    3.394  1 0.0000 0.0000 0.000 284
     409    3.402  1 0.0000 0.0000 0.000 285
     410    3.410  1 0.0000 0.0000 0.000 285
     411    3.419  1 0.0000 0.0000 0.000 286
     412    3.427  1 0.0000 0.0000 0.000 287
     413    3.435  1 0.0000 0.0000 0.000 288
     414    3.444  1 0.0000 0.0000 0.000 288
     415    3.452  1 0.0000 0.0000 0.000 289
     416    3.460  1 0.0000 0.0000 0.000 290
     417    3.469  1 0.0000 0.0000 0.000 290
     418    3.477  1 0.0000 0.0000 0.000 291
     419    3.485  1 0.0000 0.0000 0.000 292
     420    3.494  1 0.0000 0.0000 0.000 292
     421    3.502  1 0.0000 0.0000 0.000 293
     422    3.510  1 0.0000 0.0000 0.000 294
     423    3.519  1 0.0000 0.0000 0.000 294
     424    3.527  1 0.0000 0.0000 0.000 295
     425    3.535  1 0.0000 0.0000 0.000 296
     426    3.544  1 0.0000 0.0000 0.000 296
     427    3.552  1 0.0000 0.0000 0.000 297
     428    3.560  1 0.0000 0.0000 0.000 298
     429    3.569  1 0.0000 0.0000 0.000 299
     430    3.577  1 0.0000 0.0000 0.000 299
     431    3.585  1 0.0000 0.0000 0.000 300
     432    3.594  1 0.0000 0.0000 0.000 301
     433    3.602  1 0.0000 0.0000 0.000 301
     434    3.610  1 0.0000 0.0000 0.000 302
     435    3.619  1 0.0000 0.0000 0.000 303
     436    3.627  1 0.0000 0.0000 0.000 303
     437    3.635  1 0.0000 0.0000 0.000 304
     438    3.644  1 0.0000 0.0000 0.000 305
     439    3.652  1 0.0000 0.0000 0.000 305
     440    3.660  1 0.0000 0.0000 0.000 306
     441    3.669  0 0.0000 0.0000 0.000 307
     442    3.677  0 0.0000 0.0000 0.000 307
     443    3.685  0 0.0000 0.0000 0.000 308
     444    3.694  0 0.0000 0.0000 0.000 309
     445    3.702  0 0.0000 0.0000 0.000 310
     446    3.710  0 0.0000 0.0000 0.000 310
     447    3.719  0 0.0000 0.0000 0.000 311
     448    3.727  0 0.0000 0.0000 0.000 312
     449    3.735  0 0.0000 0.0000 0.000 312
     450    3.744  0 0.0000 0.0000 0.000 313
     451    3.752  0 0.0000 0.0000 0.000 314
     452    3.760  0 0.0000 0.0000 0.000 314
     453    3.769  0 0.0000 0.0000 0.000 315
     454    3.777  0 0.0000 0.0000 0.000 316
     455    3.785  0 0.0000 0.0000 0.000 316
     456    3.794  0 0.0000 0.0000 0.000 317
     457    3.802  0 0.0000 0.0000 0.000 318
     458    3.810  0 0.0000 0.0000 0.000 318
     459    3.819  0 0.0000 0.0000 0.000 319
     460    3.827  0 0.0000 0.0000 0.000 320
     461    3.835  0 0.0000 0.0000 0.000 320
     462    3.844  0 0.0000 0.0000 0.000 321
     463    3.852  0 0.0000 0.0000 0.000 322
     464    3.860  0 0.0000 0.0000 0.000 323
     465    3.869  0 0.0000 0.0000 0.000 323
     466    3.877  0 0.0000 0.0000 0.000 324
     467    3.885  0 0.0000 0.0000 0.000 325
     468    3.894  0 0.0000 0.0000 0.000 325
     469    3.902  0 0.0000 0.0000 0.000 326
     470    3.910  0 0.0000 0.0000 0.000 327
     471    3.919  0 0.0000 0.0000 0.000 327
     472    3.927  0 0.0000 0.0000 0.000 328
     473    3.935  0 0.0000 0.0000 0.000 329
     474    3.944  0 0.0000 0.0000 0.000 329
     475    3.952  0 0.0000 0.0000 0.000 330
     476    3.960  0 0.0000 0.0000 0.000 331
     477    3.969  0 0.0000 0.0000 0.000 331
     478    3.977  1 0.0000 0.0000 0.000 332
     479    3.985  1 0.0000 0.0000 0.000 333
     480    3.994  1 0.0000 0.0000 0.000 334
     481    4.002  1 0.0000 0.0000 0.000 334
     482    4.010  1 0.0000 0.0000 0.000 335
     483    4.019  1 0.0000 0.0000 0.000 336
